     0/299     9.13G   0.08913   0.04488    0.0682    0.2022       179       640 0.0008898  0.001803  0.000186 3.192e-05   0.08422   0.02847   0.06073
     1/299     11.9G   0.08132   0.04653   0.06301    0.1909       211       640    0.2553   0.06717  0.002874 0.0006188   0.07523   0.03433   0.05646
     2/299     11.9G   0.06772   0.04647   0.05872    0.1729       206       640    0.1846    0.1067   0.02313  0.006117   0.06524   0.02966   0.05007
     3/299     11.9G   0.06196   0.04463   0.05271    0.1593       181       640    0.2378      0.17   0.06099   0.01793      0.06   0.03032   0.04205
     4/299     11.9G   0.05817   0.04335   0.04639    0.1479       183       640    0.1246    0.2362   0.09567   0.03128   0.05672   0.03299   0.03867
     5/299     11.9G   0.05555   0.04242   0.04196    0.1399       193       640    0.2324     0.266    0.1551   0.05481   0.05441   0.02897   0.03228
     6/299     11.9G    0.0541   0.04168    0.0387    0.1345       199       640    0.2601    0.3283    0.2241   0.08506   0.05079   0.02562   0.02915
     7/299     11.9G   0.05277   0.04118   0.03671    0.1307       209       640    0.3037    0.3462    0.2455   0.09685    0.0495   0.02575   0.02919
     8/299     11.9G   0.05167   0.04066   0.03445    0.1268       226       640    0.3187    0.3768    0.2905    0.1153   0.04814   0.02476   0.02572
     9/299     11.9G   0.05075    0.0401   0.03283    0.1237       206       640    0.3647    0.3772    0.3192    0.1354   0.04737   0.02434   0.02466
    10/299     11.9G   0.04991   0.03977   0.03163    0.1213       174       640     0.399    0.4007    0.3564    0.1517   0.04694   0.02393   0.02233
    11/299     11.9G    0.0491   0.03956   0.03016    0.1188       221       640    0.4053    0.4004    0.3556    0.1561    0.0459   0.02442   0.02108
    12/299     11.9G    0.0484   0.03929   0.02903    0.1167       199       640     0.439    0.4186    0.3878     0.172   0.04507   0.02356    0.0209
    13/299     11.9G   0.04797   0.03905   0.02822    0.1152       176       640    0.5172    0.4183    0.4236    0.1944   0.04394   0.02313   0.01877
    14/299     11.9G   0.04733   0.03889   0.02724    0.1135       205       640    0.4971    0.4657    0.4554     0.213   0.04355   0.02332   0.01727
    15/299     11.9G   0.04684    0.0385   0.02654    0.1119       240       640    0.5149    0.4682    0.4705    0.2269   0.04289   0.02304   0.01665
    16/299     11.9G   0.04665    0.0384   0.02636    0.1114       195       640    0.4938    0.4899    0.4716    0.2204   0.04289   0.02341   0.01775
    17/299     11.9G   0.04612   0.03826   0.02527    0.1097       175       640    0.5348    0.4921    0.4971     0.243   0.04161   0.02258   0.01602
    18/299     11.9G   0.04577     0.038   0.02481    0.1086       205       640    0.5636    0.5176    0.5276    0.2618   0.04125   0.02241   0.01497
    19/299     11.9G   0.04536   0.03786   0.02423    0.1075       178       640    0.5491    0.5334     0.529    0.2638   0.04093   0.02239   0.01477
    20/299     11.9G   0.04528    0.0377   0.02387    0.1068       217       640     0.607    0.5003    0.5409    0.2753   0.04034    0.0223   0.01439
    21/299     11.9G   0.04445   0.03743   0.02362    0.1055       196       640    0.5676    0.5348    0.5407     0.278   0.04006   0.02204   0.01401
    22/299     11.9G   0.04428   0.03705   0.02323    0.1046       195       640    0.5761    0.5478    0.5534    0.2893   0.03983   0.02231   0.01433
    23/299     11.9G   0.04413   0.03729   0.02243    0.1038       199       640     0.596    0.5619    0.5767    0.2984   0.03934    0.0217   0.01308
    24/299     11.9G   0.04375   0.03684   0.02207    0.1027       155       640    0.6089    0.5595    0.5825    0.3071   0.03902   0.02181   0.01282
    25/299     11.9G   0.04351   0.03674   0.02202    0.1023       195       640    0.5983     0.575    0.5897    0.3155   0.03856   0.02157   0.01253
    26/299     11.9G   0.04355   0.03655   0.02152    0.1016       163       640    0.6133    0.5923    0.6072    0.3252   0.03833   0.02142   0.01205
    27/299     11.9G   0.04327   0.03679   0.02095     0.101       175       640     0.635    0.5896    0.6184     0.334     0.038   0.02132   0.01205
    28/299     11.9G   0.04294   0.03638   0.02156    0.1009       254       640    0.6424    0.5791    0.6133    0.3341   0.03793   0.02125   0.01166
    29/299     11.9G   0.04297   0.03636   0.02086    0.1002       158       640    0.6367    0.5814    0.6129    0.3375   0.03761   0.02129   0.01181
    30/299     11.9G   0.04259    0.0365   0.02041   0.09951       219       640    0.6309    0.6078    0.6317    0.3481   0.03717   0.02116   0.01138
    31/299     11.9G   0.04231   0.03634   0.02011   0.09877       249       640    0.6514     0.595    0.6303    0.3493   0.03715   0.02105   0.01127
    32/299     11.9G   0.04213   0.03584   0.02015   0.09812       186       640    0.6509    0.6183    0.6457    0.3622   0.03689   0.02085    0.0109
    33/299     11.9G   0.04196   0.03594   0.02015   0.09805       191       640    0.6667    0.6083     0.645    0.3618   0.03674   0.02068   0.01084
    34/299     11.9G   0.04204   0.03592   0.01977   0.09773       230       640    0.6424    0.6342    0.6522    0.3679   0.03651   0.02075   0.01046
    35/299     11.9G   0.04163   0.03568   0.01934   0.09664       180       640    0.6753    0.6098    0.6566    0.3725   0.03637   0.02056   0.01048
    36/299     11.9G   0.04144   0.03561   0.01901   0.09606       210       640    0.6809    0.6161    0.6607    0.3741   0.03609   0.02059   0.01039
    37/299     11.9G   0.04154    0.0355   0.01867   0.09571       169       640    0.6684    0.6329     0.666      0.38   0.03601   0.02052  0.009908
    38/299     11.9G   0.04111   0.03546    0.0184   0.09497       164       640    0.6654    0.6331    0.6665    0.3827   0.03585   0.02034   0.01003
    39/299     11.9G   0.04141    0.0355   0.01862   0.09553       197       640    0.6958    0.6239    0.6783    0.3924   0.03555   0.02031   0.00965
    40/299     11.9G   0.04115   0.03526   0.01887   0.09528       190       640    0.6936    0.6367    0.6823    0.3959   0.03556   0.02031  0.009513
    41/299     11.9G   0.04118   0.03516   0.01841   0.09475       195       640    0.6788    0.6427    0.6818    0.3951   0.03559   0.02024  0.009471
    42/299     11.9G   0.04078   0.03509    0.0178   0.09367       203       640    0.6964     0.635    0.6867     0.399   0.03535   0.02018   0.00934
    43/299     11.9G   0.04063   0.03534   0.01791   0.09387       205       640    0.6907    0.6399    0.6895    0.4029   0.03514   0.02012  0.009224
    44/299     11.9G   0.04048   0.03502   0.01764   0.09314       213       640    0.7048    0.6353    0.6917     0.408   0.03502    0.0201  0.009079
    45/299     11.9G   0.04035   0.03506   0.01767   0.09309       186       640    0.6966    0.6435    0.6935    0.4095   0.03489   0.02011  0.009203
    46/299     11.9G   0.03998    0.0349   0.01741    0.0923       180       640    0.7019    0.6463    0.6961    0.4109   0.03484   0.02005   0.00918
    47/299     11.9G   0.04028   0.03459   0.01745   0.09232       189       640    0.7179    0.6285    0.6966    0.4124    0.0347   0.01998  0.009087
    48/299     11.9G   0.04017   0.03487   0.01693   0.09197       198       640    0.7023    0.6484    0.7006     0.415    0.0346   0.01995  0.009043
    49/299     11.9G   0.04003   0.03485     0.017   0.09187       210       640    0.7147    0.6448     0.701    0.4169   0.03448   0.01991   0.00893
    50/299     11.9G   0.03984   0.03444    0.0171   0.09138       189       640    0.7029    0.6596    0.7043    0.4207   0.03439   0.01987  0.008735
    51/299     11.9G   0.03972   0.03438   0.01679   0.09089       210       640    0.6921    0.6724     0.707    0.4237   0.03436   0.01985  0.008657
    52/299     11.9G   0.03953   0.03471   0.01656    0.0908       183       640    0.6939    0.6706    0.7091    0.4252   0.03428   0.01982  0.008634
    53/299     11.9G   0.03955    0.0342   0.01683   0.09059       207       640    0.6978    0.6692    0.7118    0.4279   0.03421    0.0198  0.008551
    54/299     11.9G   0.03943   0.03454   0.01625   0.09023       220       640       0.7    0.6683    0.7122    0.4295   0.03414   0.01977  0.008533
    55/299     11.9G   0.03923   0.03414    0.0161   0.08947       157       640    0.7205    0.6535     0.714    0.4314   0.03406   0.01976  0.008484
    56/299     11.9G   0.03928   0.03402   0.01626   0.08956       168       640    0.7091    0.6623    0.7139    0.4332     0.034   0.01973  0.008462
    57/299     11.9G    0.0392   0.03458   0.01598   0.08976       182       640    0.6939    0.6771    0.7145    0.4346   0.03393   0.01971  0.008431
    58/299     11.9G   0.03897   0.03401   0.01584   0.08882       191       640    0.7027    0.6741    0.7159     0.436   0.03387   0.01968  0.008394
    59/299     11.9G   0.03901   0.03414   0.01585     0.089       222       640    0.7057    0.6767    0.7174    0.4373   0.03382   0.01967   0.00836
    60/299     11.9G   0.03891   0.03399   0.01562   0.08851       191       640    0.7107    0.6736    0.7178    0.4383   0.03378   0.01966  0.008335
    61/299     11.9G   0.03894    0.0337   0.01564   0.08828       217       640    0.7061    0.6785    0.7183    0.4393   0.03374   0.01965  0.008303
    62/299     11.9G   0.03898   0.03413   0.01578   0.08888       210       640    0.7144    0.6728     0.719    0.4407    0.0337   0.01964   0.00828
    63/299     11.9G   0.03865   0.03407   0.01543   0.08815       196       640    0.7055    0.6812    0.7207    0.4417   0.03366   0.01963  0.008257
    64/299     11.9G   0.03833   0.03382   0.01525    0.0874       202       640    0.7135    0.6756    0.7216    0.4426   0.03362   0.01961  0.008231
    65/299     11.9G   0.03869   0.03393   0.01515   0.08777       196       640    0.7081    0.6814    0.7223    0.4434   0.03357    0.0196  0.008197
    66/299     11.9G   0.03848   0.03387   0.01546   0.08781       219       640     0.715    0.6774    0.7231    0.4443   0.03353   0.01959  0.008143
    67/299     11.9G   0.03824   0.03349   0.01503   0.08676       235       640    0.7252     0.669    0.7246    0.4451    0.0335   0.01958  0.008114
    68/299     11.9G   0.03801    0.0336   0.01467   0.08628       203       640    0.7275    0.6693    0.7256    0.4464   0.03346   0.01957  0.008078
    69/299     11.9G   0.03853   0.03351   0.01484   0.08688       186       640     0.717    0.6826    0.7261     0.447   0.03343   0.01955  0.008042
    70/299     11.9G   0.03793   0.03345   0.01466   0.08603       229       640    0.7199    0.6818    0.7271     0.448   0.03339   0.01953  0.008008
    71/299     11.9G   0.03797   0.03394   0.01453   0.08644       219       640    0.7171     0.685    0.7276    0.4491   0.03336   0.01952  0.007986
    72/299     11.9G   0.03801   0.03368   0.01431     0.086       215       640    0.7108    0.6907    0.7284    0.4495   0.03333    0.0195  0.007968
    73/299     11.9G    0.0379   0.03339   0.01452   0.08581       216       640    0.7129    0.6902    0.7295    0.4501    0.0333   0.01949  0.007948
    74/299     11.9G   0.03784   0.03346   0.01453   0.08582       174       640    0.7235    0.6814    0.7303    0.4506   0.03327   0.01947  0.007928
    75/299     11.9G   0.03785   0.03329   0.01443   0.08557       199       640    0.7141    0.6898    0.7308    0.4514   0.03325   0.01946   0.00791
    76/299     11.9G   0.03765   0.03312   0.01389   0.08465       195       640    0.7186    0.6874    0.7321    0.4523   0.03322   0.01944  0.007884
    77/299     11.9G   0.03738   0.03309   0.01387   0.08433       209       640    0.7242    0.6829    0.7325    0.4533   0.03319   0.01943  0.007856
    78/299     11.9G   0.03761    0.0329   0.01411   0.08462       192       640    0.7167    0.6925    0.7335    0.4543   0.03316   0.01941  0.007833
    79/299     11.9G   0.03762   0.03324   0.01432   0.08517       202       640      0.72    0.6889    0.7341    0.4546   0.03314    0.0194  0.007817
    80/299     11.9G   0.03754   0.03334   0.01394   0.08482       212       640    0.7149    0.6938    0.7348    0.4552   0.03311   0.01939  0.007803
    81/299     11.9G   0.03728     0.033   0.01359   0.08387       196       640     0.718    0.6918    0.7353    0.4554   0.03309   0.01937  0.007787
    82/299     11.9G   0.03717   0.03283   0.01374   0.08374       208       640    0.7195     0.691    0.7358    0.4554   0.03307   0.01935   0.00777
    83/299     11.9G   0.03731   0.03294   0.01379   0.08404       190       640    0.7213    0.6897    0.7367    0.4566   0.03305   0.01933  0.007752
    84/299     11.9G   0.03729   0.03266   0.01411   0.08406       186       640     0.717    0.6937    0.7375    0.4577   0.03303   0.01932   0.00773
    85/299     11.9G   0.03694   0.03287   0.01383   0.08363       218       640    0.7369    0.6779     0.738    0.4578   0.03301    0.0193  0.007714
    86/299     11.9G   0.03706   0.03275   0.01378   0.08359       223       640    0.7319    0.6825    0.7385    0.4585   0.03299   0.01928  0.007701
    87/299     11.9G   0.03719   0.03283   0.01356   0.08358       218       640    0.7232    0.6907    0.7389    0.4585   0.03297   0.01928  0.007687
    88/299     11.9G   0.03696   0.03302   0.01354   0.08353       197       640    0.7195    0.6948    0.7392    0.4594   0.03295   0.01926  0.007669
    89/299     11.9G   0.03706   0.03265   0.01348   0.08318       200       640    0.7275    0.6883    0.7402    0.4593   0.03293   0.01925  0.007651
    90/299     11.9G   0.03695   0.03292   0.01362   0.08349       221       640    0.7173    0.6981    0.7406    0.4601   0.03291   0.01923  0.007633
    91/299     11.9G   0.03685   0.03266   0.01354   0.08304       206       640    0.7186     0.699    0.7414    0.4609   0.03289   0.01922  0.007615
    92/299     11.9G   0.03661   0.03245   0.01344    0.0825       208       640    0.7269    0.6926    0.7415    0.4615   0.03287    0.0192  0.007603
    93/299     11.9G   0.03655    0.0324   0.01298   0.08193       173       640    0.7201    0.6986     0.742    0.4625   0.03285   0.01919  0.007591
    94/299     11.9G   0.03651    0.0325   0.01312   0.08213       183       640    0.7237    0.6966    0.7422     0.463   0.03283   0.01917  0.007578
    95/299     11.9G   0.03658   0.03203   0.01302   0.08163       214       640    0.7247    0.6969    0.7429    0.4638   0.03282   0.01916  0.007561
    96/299     11.9G   0.03668   0.03275   0.01291   0.08234       221       640    0.7293    0.6949    0.7438    0.4643    0.0328   0.01914  0.007552
    97/299     11.9G   0.03629   0.03211   0.01291   0.08131       179       640    0.7294    0.6962    0.7444    0.4648   0.03279   0.01913  0.007542
    98/299     11.9G   0.03642   0.03253   0.01309   0.08204       213       640    0.7329    0.6942     0.745    0.4657   0.03277   0.01911  0.007525
    99/299     11.9G   0.03637   0.03243   0.01257   0.08137       171       640    0.7332    0.6949    0.7454    0.4661   0.03275    0.0191  0.007513
   100/299     11.9G   0.03619   0.03247   0.01233   0.08099       215       640    0.7338    0.6953     0.746    0.4665   0.03274   0.01909  0.007501
   101/299     11.9G   0.03623   0.03232   0.01276   0.08131       192       640    0.7181    0.7097    0.7462    0.4672   0.03272   0.01907  0.007491
   102/299     11.9G   0.03616   0.03214   0.01266   0.08096       177       640    0.7196     0.709    0.7463    0.4679    0.0327   0.01906   0.00748
   103/299     11.9G   0.03586   0.03177   0.01254   0.08017       210       640    0.7293     0.703    0.7468    0.4688   0.03269   0.01904  0.007464
   104/299     11.9G   0.03609   0.03194   0.01235   0.08039       200       640    0.7303    0.7023    0.7474    0.4695   0.03267   0.01903  0.007451
   105/299     11.9G   0.03595   0.03203   0.01261   0.08058       198       640    0.7305    0.7018    0.7479      0.47   0.03265   0.01902   0.00744
   106/299     11.9G   0.03594   0.03194   0.01245   0.08033       187       640     0.745    0.6902    0.7483    0.4705   0.03264   0.01901  0.007427
   107/299     11.9G   0.03592   0.03192   0.01251   0.08035       208       640    0.7465    0.6902    0.7488    0.4712   0.03262   0.01899  0.007418
   108/299     11.9G   0.03575   0.03177   0.01222   0.07974       212       640    0.7446    0.6932    0.7493    0.4715    0.0326   0.01898  0.007411
   109/299     11.9G   0.03569   0.03166   0.01242   0.07977       217       640    0.7389    0.6982    0.7499    0.4724   0.03258   0.01896  0.007399
   110/299     11.9G   0.03564   0.03164   0.01222    0.0795       176       640    0.7433    0.6952    0.7507    0.4732   0.03256   0.01895  0.007392
   111/299     11.9G   0.03549   0.03169   0.01214   0.07932       204       640    0.7391    0.7002    0.7513    0.4739   0.03255   0.01893  0.007387
   112/299     11.9G   0.03565    0.0318   0.01243   0.07988       175       640    0.7405    0.6996    0.7516    0.4745   0.03253   0.01892  0.007389
   113/299     11.9G   0.03562    0.0313   0.01184   0.07876       171       640    0.7406    0.7007    0.7524    0.4748   0.03252    0.0189  0.007388
   114/299     11.9G    0.0354   0.03135   0.01184   0.07859       239       640    0.7291    0.7106    0.7531    0.4754    0.0325   0.01889  0.007382
   115/299     11.9G   0.03525   0.03126   0.01174   0.07825       181       640    0.7426    0.7001    0.7541    0.4761   0.03249   0.01887  0.007376
   116/299     11.9G   0.03543   0.03156   0.01208   0.07907       218       640    0.7552    0.6904    0.7549    0.4764   0.03247   0.01886  0.007366
   117/299     11.9G    0.0354   0.03146   0.01205   0.07891       189       640    0.7542     0.692    0.7552     0.477   0.03246   0.01885  0.007365
   118/299     11.9G   0.03542   0.03126   0.01187   0.07855       204       640    0.7597    0.6892    0.7561    0.4777   0.03245   0.01884  0.007357
   119/299     11.9G   0.03522   0.03143   0.01189   0.07854       202       640    0.7572    0.6916    0.7565    0.4783   0.03243   0.01882  0.007347
   120/299     11.9G   0.03516   0.03141   0.01162   0.07819       218       640    0.7688     0.683     0.757    0.4789   0.03242   0.01881  0.007335
   121/299     11.9G   0.03535   0.03136   0.01197   0.07868       229       640    0.7632    0.6884    0.7575    0.4795   0.03241    0.0188  0.007323
   122/299     11.9G   0.03483    0.0312   0.01155   0.07759       186       640    0.7621    0.6897     0.758    0.4799    0.0324   0.01878  0.007316
   123/299     11.9G   0.03487   0.03087   0.01167   0.07741       186       640    0.7733    0.6828    0.7586    0.4807   0.03239   0.01877  0.007302
   124/299     11.9G   0.03475   0.03104   0.01118   0.07698       216       640    0.7428    0.7078    0.7591    0.4814   0.03237   0.01875  0.007292
   125/299     11.9G    0.0348   0.03122   0.01135   0.07737       234       640    0.7429    0.7078    0.7597    0.4821   0.03236   0.01874  0.007282
   126/299     11.9G   0.03464    0.0311   0.01146   0.07721       226       640     0.744    0.7075      0.76    0.4827   0.03235   0.01873  0.007278
   127/299     11.9G   0.03472   0.03115   0.01104   0.07691       194       640    0.7419    0.7097    0.7602    0.4829   0.03234   0.01872   0.00727
   128/299     11.9G   0.03452   0.03106   0.01103   0.07661       153       640    0.7405     0.711    0.7607    0.4833   0.03232   0.01871   0.00726
   129/299     11.9G   0.03454   0.03081   0.01119   0.07654       229       640    0.7398    0.7132    0.7609     0.484   0.03231   0.01869  0.007251
   130/299     11.9G   0.03443   0.03087   0.01106   0.07635       189       640     0.743     0.712    0.7616    0.4844    0.0323   0.01868  0.007249
   131/299     11.9G   0.03432   0.03093   0.01112   0.07637       207       640    0.7406    0.7145    0.7619    0.4848   0.03229   0.01867  0.007246
   132/299     11.9G   0.03445   0.03086   0.01117   0.07649       236       640    0.7392    0.7163    0.7625    0.4853   0.03228   0.01866  0.007244
   133/299     11.9G   0.03418   0.03076   0.01098   0.07592       184       640    0.7593    0.7003    0.7627    0.4857   0.03227   0.01865  0.007246
   134/299     11.9G   0.03424    0.0308   0.01098   0.07602       193       640    0.7606    0.7004    0.7632     0.486   0.03225   0.01864  0.007242
   135/299     11.9G    0.0345   0.03084   0.01087   0.07621       224       640    0.7586    0.7035    0.7638    0.4867   0.03224   0.01863  0.007238
   136/299     11.9G    0.0341   0.03039   0.01079   0.07528       257       640    0.7588    0.7045    0.7644    0.4874   0.03223   0.01862  0.007234
   137/299     11.9G   0.03436   0.03094     0.011    0.0763       229       640    0.7505    0.7117    0.7648    0.4881   0.03222   0.01861  0.007229
   138/299     11.9G     0.034   0.03042   0.01062   0.07504       223       640    0.7493    0.7134    0.7654    0.4887   0.03221   0.01859  0.007227
   139/299     11.9G   0.03421   0.03053   0.01076   0.07551       217       640    0.7572    0.7077     0.766    0.4897   0.03219   0.01858  0.007223
   140/299     11.9G     0.034   0.03066   0.01083   0.07549       170       640    0.7564    0.7084    0.7666      0.49   0.03218   0.01857   0.00722
   141/299     11.9G   0.03406    0.0303   0.01094    0.0753       142       640    0.7585    0.7077    0.7671    0.4907   0.03217   0.01857  0.007214
   142/299     11.9G   0.03418   0.03104   0.01094   0.07616       204       640    0.7673    0.7018    0.7676    0.4914   0.03216   0.01856  0.007212
   143/299     11.9G   0.03383   0.03039   0.01053   0.07475       156       640    0.7695    0.7006    0.7682    0.4918   0.03215   0.01855  0.007208
   144/299     11.9G   0.03377   0.03046   0.01047    0.0747       211       640     0.772     0.699    0.7683     0.492   0.03214   0.01854  0.007199
   145/299     11.9G   0.03385    0.0304   0.01034   0.07458       182       640    0.7643    0.7051    0.7685     0.492   0.03213   0.01853  0.007198
   146/299     11.9G    0.0338   0.03027   0.01063    0.0747       200       640     0.768    0.7029    0.7689    0.4927   0.03212   0.01852  0.007194
   147/299     11.9G   0.03368   0.03025   0.01035   0.07429       205       640    0.7658    0.7056    0.7696    0.4928    0.0321   0.01851  0.007184
   148/299     11.9G   0.03364   0.03016    0.0103   0.07409       222       640    0.7644     0.708      0.77    0.4935   0.03209   0.01851   0.00718
   149/299     11.9G   0.03362   0.03017   0.01046   0.07425       166       640    0.7653    0.7073    0.7705    0.4942   0.03208    0.0185  0.007174
   150/299     11.9G   0.03347   0.03007   0.01015   0.07368       187       640     0.761    0.7114     0.771    0.4945   0.03206   0.01849  0.007172
   151/299     11.9G   0.03341   0.02996   0.01012   0.07349       224       640    0.7609    0.7111    0.7714     0.495   0.03205   0.01848  0.007172
   152/299     11.9G   0.03376   0.03009   0.01044   0.07429       182       640    0.7621    0.7098    0.7716    0.4953   0.03204   0.01847  0.007167
   153/299     11.9G   0.03333   0.02998   0.01004   0.07335       193       640    0.7657    0.7069    0.7718    0.4959   0.03204   0.01847  0.007166
   154/299     11.9G   0.03333   0.02992   0.01002   0.07327       183       640    0.7539    0.7176     0.772    0.4961   0.03203   0.01846  0.007164
   155/299     11.9G   0.03328   0.03009  0.009919   0.07329       209       640    0.7644    0.7107     0.772    0.4969   0.03202   0.01845  0.007162
   156/299     11.9G   0.03309   0.02955   0.01011   0.07274       261       640    0.7532    0.7223    0.7726    0.4971   0.03201   0.01845   0.00716
   157/299     11.9G   0.03303   0.02987  0.009863   0.07276       215       640    0.7519    0.7239    0.7726    0.4979     0.032   0.01844  0.007151
   158/299     11.9G   0.03301   0.03015   0.01004   0.07321       209       640    0.7547    0.7219    0.7725    0.4983   0.03199   0.01843   0.00715
   159/299     11.9G   0.03299    0.0299  0.009991   0.07288       183       640    0.7548    0.7229    0.7735    0.4991   0.03198   0.01843  0.007144
   160/299     11.9G   0.03308   0.02987  0.009864   0.07281       210       640    0.7573    0.7218    0.7738    0.4994   0.03197   0.01842  0.007138
   161/299     11.9G   0.03293   0.02985  0.009965   0.07275       206       640    0.7578    0.7216    0.7743    0.4996   0.03195   0.01841  0.007137
   162/299     11.9G   0.03311   0.02974  0.009727   0.07257       199       640    0.7639    0.7173    0.7745    0.5002   0.03194   0.01841  0.007132
   163/299     11.9G   0.03259    0.0292  0.009815   0.07161       198       640    0.7622    0.7209    0.7751    0.5006   0.03194    0.0184  0.007124
   164/299     11.9G   0.03283   0.02953  0.009621   0.07197       184       640    0.7569    0.7266    0.7754    0.5014   0.03193   0.01839  0.007123
   165/299     11.9G   0.03255   0.02924  0.009603   0.07139       233       640    0.7598    0.7249    0.7757    0.5017   0.03191   0.01839  0.007118
   166/299     11.9G   0.03268   0.02951   0.00945   0.07165       198       640    0.7595    0.7258     0.776    0.5024    0.0319   0.01838  0.007115
   167/299     11.9G   0.03272   0.02947  0.009579   0.07176       199       640    0.7612    0.7253    0.7762     0.503   0.03189   0.01838  0.007118
   168/299     11.9G   0.03239   0.02915  0.009442   0.07098       221       640    0.7653    0.7234    0.7766    0.5034   0.03187   0.01837  0.007115
   169/299     11.9G   0.03243   0.02926  0.009391   0.07108       181       640    0.7671    0.7219    0.7769    0.5039   0.03186   0.01837  0.007113
   170/299     11.9G   0.03263   0.02944  0.009658   0.07173       188       640    0.7564    0.7329    0.7773    0.5042   0.03185   0.01836  0.007108
   171/299     11.9G   0.03241   0.02919  0.009484   0.07109       223       640    0.7556    0.7347    0.7777    0.5046   0.03184   0.01836  0.007107
   172/299     11.9G   0.03228   0.02914  0.009648   0.07107       215       640    0.7669    0.7253    0.7775    0.5048   0.03183   0.01836  0.007106
   173/299     11.9G   0.03244   0.02932  0.009535   0.07129       226       640    0.7688    0.7244     0.778    0.5053   0.03183   0.01835    0.0071
   174/299     11.9G    0.0323   0.02928  0.009203   0.07078       216       640    0.7612    0.7315    0.7786    0.5058   0.03182   0.01835  0.007093
   175/299     11.9G   0.03218    0.0289  0.009501   0.07059       199       640     0.772    0.7227    0.7787    0.5062   0.03181   0.01835  0.007087
   176/299     11.9G   0.03206    0.0289  0.009217   0.07018       201       640    0.7721    0.7234    0.7791    0.5067    0.0318   0.01834  0.007082
   177/299     11.9G   0.03228   0.02903  0.009326   0.07064       218       640    0.7663    0.7288    0.7796    0.5076   0.03179   0.01834  0.007075
   178/299     11.9G   0.03205   0.02923  0.009148   0.07043       167       640    0.7683    0.7278      0.78    0.5081   0.03178   0.01834   0.00707
   179/299     11.9G   0.03192   0.02881  0.008852   0.06958       200       640    0.7751    0.7223    0.7801    0.5082   0.03177   0.01834  0.007063
   180/299     11.9G   0.03189   0.02879  0.009172   0.06985       220       640    0.7781    0.7194    0.7804    0.5086   0.03176   0.01833  0.007058
   181/299     11.9G   0.03217   0.02882  0.009009      0.07       201       640    0.7698     0.727    0.7807    0.5087   0.03175   0.01833  0.007051
   182/299     11.9G   0.03178   0.02865  0.008844   0.06928       195       640    0.7638     0.732     0.781    0.5094   0.03174   0.01833  0.007039
   183/299     11.9G   0.03187   0.02878  0.009078   0.06973       172       640    0.7806    0.7183    0.7815      0.51   0.03173   0.01833  0.007039
   184/299     11.9G   0.03178   0.02888  0.008933   0.06959       186       640    0.7852    0.7148    0.7816    0.5103   0.03172   0.01832  0.007034
   185/299     11.9G   0.03159   0.02848  0.008841   0.06891       218       640     0.761    0.7368    0.7824    0.5109   0.03172   0.01832  0.007032
   186/299     11.9G   0.03156   0.02849  0.009046   0.06909       202       640    0.7653    0.7333    0.7826    0.5113   0.03171   0.01832   0.00702
   187/299     11.9G   0.03174   0.02882   0.00904    0.0696       207       640    0.7658    0.7345    0.7828    0.5115    0.0317   0.01832  0.007015
   188/299     11.9G   0.03157   0.02832  0.008704    0.0686       233       640    0.7667    0.7333     0.783    0.5117   0.03169   0.01832  0.007009
   189/299     11.9G   0.03132   0.02847  0.008867   0.06866       195       640     0.766    0.7327    0.7832    0.5124   0.03169   0.01831  0.007007
   190/299     11.9G   0.03121   0.02825  0.008495   0.06796       233       640     0.776    0.7236    0.7834    0.5128   0.03168   0.01831  0.007006
   191/299     11.9G   0.03145   0.02853  0.008805   0.06879       177       640    0.7755    0.7242    0.7835    0.5134   0.03168   0.01831  0.007005
   192/299     11.9G   0.03151   0.02833  0.009347   0.06919       201       640    0.7738    0.7256    0.7833    0.5135   0.03168   0.01831  0.007004
   193/299     11.9G   0.03111   0.02844  0.008663   0.06822       220       640    0.7752     0.725    0.7837     0.514   0.03167   0.01831  0.007002
   194/299     11.9G   0.03131   0.02854  0.008781   0.06863       188       640    0.7761    0.7249    0.7839    0.5145   0.03167   0.01831  0.006998
   195/299     11.9G   0.03133   0.02811  0.008633   0.06808       149       640    0.7742    0.7268     0.784    0.5148   0.03167   0.01831   0.00699
   196/299     11.9G   0.03123   0.02828  0.008559   0.06806       188       640    0.7728    0.7288    0.7841    0.5152   0.03167   0.01831  0.006986
   197/299     11.9G   0.03134   0.02878  0.008923   0.06904       258       640    0.7749    0.7273    0.7843    0.5157   0.03166    0.0183  0.006981
   198/299     11.9G   0.03103   0.02818  0.008604   0.06781       262       640    0.7759    0.7261    0.7844    0.5162   0.03166   0.01831   0.00698
   199/299     11.9G   0.03091   0.02811  0.008349   0.06737       198       640    0.7673    0.7333    0.7846    0.5164   0.03166   0.01831  0.006979
   200/299     11.9G    0.0309   0.02794  0.008568   0.06741       199       640    0.7651    0.7351    0.7846    0.5166   0.03165   0.01831  0.006978
   201/299     11.9G   0.03109   0.02805   0.00855   0.06769       206       640    0.7633    0.7374    0.7848    0.5166   0.03165    0.0183  0.006974
   202/299     11.9G   0.03076   0.02795   0.00822   0.06693       167       640    0.7648    0.7358    0.7847    0.5168   0.03165   0.01831  0.006975
   203/299     11.9G   0.03094    0.0276  0.008596   0.06713       183       640    0.7654    0.7355     0.785    0.5174   0.03165   0.01831  0.006978
   204/299     11.9G    0.0308   0.02775  0.008072   0.06663       182       640    0.7704    0.7316    0.7851    0.5175   0.03165   0.01831  0.006981
   205/299     11.9G   0.03047   0.02763  0.008336   0.06643       174       640    0.7723    0.7307    0.7854    0.5181   0.03165   0.01831   0.00699
   206/299     11.9G   0.03048   0.02785  0.008291   0.06662       220       640    0.7707    0.7325    0.7857    0.5185   0.03165   0.01831  0.006992
   207/299     11.9G   0.03061   0.02771  0.008239   0.06656       216       640    0.7778    0.7263    0.7858    0.5188   0.03165   0.01831  0.006991
   208/299     11.9G   0.03057   0.02781  0.008293   0.06668       213       640    0.7795    0.7253     0.786    0.5194   0.03165   0.01831  0.006989
   209/299     11.9G   0.03043   0.02767  0.008202    0.0663       210       640    0.7797    0.7257    0.7862    0.5194   0.03165   0.01831  0.006992
   210/299     11.9G   0.03034   0.02752  0.008084   0.06595       219       640    0.7836    0.7226    0.7864    0.5195   0.03165   0.01831   0.00699
   211/299     11.9G   0.03031   0.02761  0.008045   0.06597       174       640    0.7688    0.7362    0.7865    0.5195   0.03165   0.01831  0.006988
   212/299     11.9G   0.03041   0.02754  0.008041   0.06599       201       640    0.7699    0.7352    0.7866    0.5197   0.03165   0.01832  0.006985
   213/299     11.9G   0.03016   0.02729  0.008007   0.06545       171       640    0.7758    0.7296    0.7867    0.5197   0.03165   0.01832  0.006986
   214/299     11.9G   0.03035   0.02746  0.007921   0.06573       222       640     0.776    0.7305    0.7869    0.5201   0.03165   0.01832  0.006994
   215/299     11.9G   0.03001   0.02731  0.008014   0.06533       176       640    0.7769    0.7303    0.7867      0.52   0.03166   0.01832  0.006998
   216/299     11.9G   0.03005   0.02737  0.007817   0.06524       170       640    0.7751    0.7316    0.7866    0.5201   0.03166   0.01833  0.007003
   217/299     11.9G    0.0299   0.02732  0.007823   0.06504       217       640    0.7799    0.7275    0.7867    0.5205   0.03166   0.01833  0.007007
   218/299     11.9G   0.02994   0.02714  0.007821    0.0649       184       640    0.7775    0.7296    0.7866    0.5205   0.03166   0.01834  0.007007
   219/299     11.9G      0.03   0.02738  0.008061   0.06544       190       640    0.7741    0.7337    0.7871    0.5208   0.03167   0.01834  0.007006
   220/299     11.9G   0.02988   0.02707  0.007882   0.06483       198       640    0.7711    0.7377    0.7871     0.521   0.03167   0.01834   0.00701
   221/299     11.9G   0.02984   0.02723  0.007887   0.06496       195       640    0.7808    0.7293    0.7873    0.5208   0.03167   0.01835  0.007012
   222/299     11.9G   0.02992   0.02724  0.007809   0.06496       213       640    0.7741    0.7345    0.7872    0.5209   0.03168   0.01835  0.007017
   223/299     11.9G   0.02989    0.0271  0.007954   0.06494       220       640    0.7749    0.7337    0.7872    0.5211   0.03168   0.01836  0.007019
   224/299     11.9G   0.02992   0.02705  0.007706   0.06467       197       640     0.776    0.7331    0.7871    0.5211   0.03168   0.01836  0.007025
   225/299     11.9G   0.02982   0.02725  0.007745   0.06481       180       640    0.7725    0.7356    0.7873    0.5211   0.03168   0.01837  0.007027
   226/299     11.9G   0.02967   0.02701  0.007554   0.06423       194       640    0.7703    0.7375    0.7872    0.5214   0.03169   0.01837  0.007028
   227/299     11.9G   0.02962   0.02699  0.007659   0.06427       219       640    0.7707    0.7372    0.7875    0.5216   0.03169   0.01837  0.007025
   228/299     11.9G   0.02961   0.02692  0.007617   0.06415       220       640    0.7715    0.7361    0.7874    0.5217   0.03169   0.01838  0.007023
   229/299     11.9G    0.0297   0.02695  0.007501   0.06416       189       640    0.7687    0.7382    0.7869    0.5217   0.03169   0.01838  0.007023
   230/299     11.9G    0.0294   0.02685  0.007644   0.06389       201       640    0.7834     0.725    0.7868    0.5221    0.0317   0.01839  0.007028
   231/299     11.9G   0.02926   0.02679  0.007527   0.06358       233       640    0.7797     0.728    0.7871    0.5223    0.0317   0.01839  0.007031
   232/299     11.9G   0.02933   0.02663  0.007544    0.0635       194       640    0.7759    0.7311    0.7871    0.5223    0.0317    0.0184  0.007035
   233/299     11.9G   0.02935   0.02678  0.007652   0.06378       209       640    0.7766    0.7296     0.787    0.5224   0.03171   0.01841  0.007037
   234/299     11.9G   0.02924   0.02667    0.0073   0.06322       231       640    0.7691    0.7362     0.787    0.5226   0.03171   0.01841  0.007039
   235/299     11.9G   0.02911   0.02641  0.007498   0.06302       182       640    0.7689    0.7378     0.787    0.5231   0.03171   0.01842  0.007041
   236/299     11.9G   0.02912   0.02653  0.007524   0.06317       168       640    0.7704    0.7362    0.7871    0.5229   0.03171   0.01842  0.007042
   237/299     11.9G   0.02917   0.02666  0.007424   0.06325       214       640    0.7714    0.7354    0.7872     0.523   0.03172   0.01843  0.007041
   238/299     11.9G   0.02908   0.02662  0.007186   0.06289       204       640    0.7722    0.7358     0.787     0.523   0.03172   0.01844  0.007044
   239/299     11.9G   0.02912   0.02649  0.007383   0.06299       179       640      0.76    0.7461    0.7867    0.5234   0.03172   0.01844  0.007048
   240/299     11.9G   0.02892   0.02648  0.007432   0.06283       179       640    0.7941     0.716    0.7868    0.5235   0.03173   0.01845  0.007054
   241/299     11.9G    0.0289   0.02653   0.00715   0.06258       211       640    0.7927    0.7176    0.7868    0.5233   0.03173   0.01846  0.007059
   242/299     11.9G   0.02886   0.02661  0.007291   0.06277       213       640    0.7673      0.74    0.7866    0.5235   0.03173   0.01847  0.007058
   243/299     11.9G   0.02881    0.0262  0.007289    0.0623       191       640    0.7952    0.7177    0.7869    0.5234   0.03174   0.01848  0.007053
   244/299     11.9G   0.02877   0.02627   0.00704   0.06208       205       640    0.7865    0.7245    0.7869    0.5234   0.03174   0.01848   0.00705
   245/299     11.9G   0.02883   0.02622  0.007193   0.06224       214       640    0.7841    0.7272    0.7871    0.5235   0.03174   0.01849  0.007048
   246/299     11.9G   0.02871   0.02606  0.007234     0.062       186       640    0.7843    0.7274    0.7871    0.5238   0.03175    0.0185  0.007049
   247/299     11.9G   0.02869   0.02606  0.007244   0.06198       197       640    0.7707    0.7396     0.787    0.5244   0.03175   0.01851  0.007047
   248/299     11.9G   0.02893   0.02616  0.007195   0.06228       220       640     0.784    0.7288     0.787    0.5246   0.03175   0.01852  0.007051
   249/299     11.9G    0.0285   0.02584  0.007005   0.06134       206       640    0.7928    0.7214    0.7873    0.5247   0.03175   0.01853  0.007057
   250/299     11.9G   0.02868   0.02627  0.007217   0.06217       220       640    0.7921     0.723     0.787    0.5247   0.03176   0.01853  0.007062
   251/299     11.9G   0.02868   0.02595  0.007082   0.06172       200       640    0.7886    0.7272    0.7872    0.5248   0.03176   0.01854  0.007067
   252/299     11.9G   0.02851   0.02589  0.007205   0.06161       163       640    0.7898    0.7261    0.7872    0.5249   0.03177   0.01855  0.007072
   253/299     11.9G   0.02825   0.02605  0.007102    0.0614       195       640    0.8002     0.718    0.7871    0.5249   0.03178   0.01856  0.007078
   254/299     11.9G   0.02846   0.02589   0.00714   0.06149       169       640    0.8006     0.718    0.7869    0.5248   0.03178   0.01857  0.007083
   255/299     11.9G   0.02847   0.02585  0.007276   0.06159       213       640    0.8031    0.7165     0.787    0.5251   0.03178   0.01857  0.007083
   256/299     11.9G   0.02843   0.02608  0.007072   0.06158       179       640    0.7973    0.7201    0.7865    0.5252   0.03178   0.01858  0.007083
   257/299     11.9G   0.02835   0.02595   0.00698   0.06128       205       640    0.7986    0.7194    0.7865    0.5249   0.03179   0.01859  0.007084
   258/299     11.9G   0.02843   0.02592  0.007008   0.06135       211       640    0.7976    0.7207    0.7862    0.5247   0.03179    0.0186  0.007086
   259/299     11.9G   0.02818   0.02599  0.006797   0.06096       179       640    0.8028    0.7161    0.7862     0.525   0.03179   0.01862  0.007092
   260/299     11.9G   0.02827   0.02565  0.007265   0.06118       188       640    0.8038    0.7166    0.7866    0.5247    0.0318   0.01862  0.007094
   261/299     11.9G   0.02826   0.02567  0.006865   0.06079       198       640    0.7971    0.7238     0.787    0.5246    0.0318   0.01863  0.007099
   262/299     11.9G   0.02818   0.02572  0.006952   0.06085       229       640    0.7901    0.7287    0.7866    0.5246    0.0318   0.01864  0.007106
   263/299     11.9G     0.028   0.02566  0.006857   0.06051       182       640     0.789    0.7302    0.7867    0.5248    0.0318   0.01865   0.00711
   264/299     11.9G   0.02812   0.02568  0.006837   0.06064       194       640    0.7925    0.7278    0.7866    0.5249   0.03181   0.01866  0.007116
   265/299     11.9G   0.02797   0.02563  0.006788    0.0604       193       640     0.789    0.7308    0.7867    0.5252   0.03181   0.01867  0.007119
   266/299     11.9G    0.0279   0.02535  0.006817   0.06006       222       640    0.7885    0.7311    0.7864    0.5252   0.03181   0.01868  0.007126
   267/299     11.9G   0.02788   0.02571  0.006767   0.06035       223       640    0.7919    0.7291    0.7865     0.525   0.03182   0.01869  0.007136
   268/299     11.9G   0.02794   0.02554  0.006963   0.06044       193       640    0.7939    0.7278    0.7868    0.5252   0.03182    0.0187  0.007138
   269/299     11.9G   0.02775   0.02552  0.006813   0.06008       195       640    0.7891    0.7319    0.7868    0.5254   0.03183   0.01871   0.00714
   270/299     11.9G   0.02789   0.02548   0.00686   0.06024       245       640    0.7881    0.7324    0.7872    0.5254   0.03183   0.01872  0.007142
   271/299     11.9G   0.02791   0.02534  0.006816   0.06007       190       640    0.7905    0.7308    0.7873     0.525   0.03184   0.01873   0.00714
   272/299     11.9G   0.02786    0.0252  0.006589   0.05964       187       640    0.7943    0.7264    0.7873    0.5251   0.03184   0.01874  0.007147
   273/299     11.9G   0.02765    0.0251  0.006666   0.05942       187       640    0.8022    0.7199    0.7875    0.5251   0.03185   0.01875  0.007149
   274/299     11.9G   0.02785   0.02541  0.006676   0.05994       244       640    0.7754    0.7436    0.7875    0.5253   0.03185   0.01876  0.007156
   275/299     11.9G   0.02759   0.02544  0.006615   0.05964       182       640    0.7764    0.7436     0.787    0.5252   0.03186   0.01877  0.007154
   276/299     11.9G    0.0277   0.02521  0.006697    0.0596       219       640    0.7783    0.7421    0.7873    0.5256   0.03186   0.01877  0.007156
   277/299     11.9G    0.0277   0.02528   0.00682   0.05979       189       640    0.7779    0.7419    0.7871    0.5254   0.03186   0.01878  0.007158
   278/299     11.9G   0.02775   0.02535  0.006711   0.05982       210       640    0.7752    0.7445    0.7871    0.5254   0.03187   0.01879  0.007158
   279/299     11.9G   0.02764    0.0252  0.006837   0.05968       189       640    0.7732    0.7462     0.787    0.5254   0.03187    0.0188  0.007156
   280/299     11.9G   0.02762   0.02528  0.006794   0.05969       174       640    0.7728    0.7467    0.7868    0.5255   0.03187   0.01881   0.00716
   281/299     11.9G   0.02761   0.02526  0.006668   0.05953       152       640    0.7746    0.7445    0.7865    0.5254   0.03187   0.01882  0.007164
   282/299     11.9G   0.02737   0.02478  0.006662   0.05881       198       640    0.7752    0.7437    0.7867    0.5255   0.03187   0.01883  0.007168
   283/299     11.9G    0.0275   0.02509  0.006584   0.05917       179       640    0.7762    0.7434    0.7869    0.5254   0.03188   0.01885  0.007174
   284/299     11.9G   0.02755   0.02504  0.006724   0.05932       179       640    0.7717     0.747    0.7867     0.525   0.03188   0.01885  0.007176
   285/299     11.9G   0.02744   0.02516  0.006661   0.05926       200       640    0.7793    0.7401    0.7864    0.5249   0.03189   0.01886   0.00718
   286/299     11.9G   0.02742   0.02508  0.006699    0.0592       213       640    0.7783    0.7408    0.7864     0.525   0.03189   0.01887  0.007177
   287/299     11.9G    0.0274   0.02496  0.006519   0.05887       213       640    0.7766    0.7423    0.7866    0.5251    0.0319   0.01888  0.007178
   288/299     11.9G    0.0274    0.0251  0.006518   0.05903       217       640    0.7767    0.7424    0.7863    0.5248    0.0319   0.01889  0.007181
   289/299     11.9G   0.02739     0.025  0.006444   0.05884       200       640    0.7909    0.7304    0.7865    0.5249    0.0319    0.0189  0.007187
   290/299     11.9G    0.0275   0.02503   0.00639   0.05892       185       640    0.7822    0.7375    0.7864    0.5248   0.03191   0.01891  0.007195
   291/299     11.9G   0.02727   0.02485  0.006628   0.05874       194       640    0.7782    0.7421     0.787     0.525   0.03191   0.01892  0.007198
   292/299     11.9G   0.02724   0.02517  0.006602     0.059       190       640    0.7791    0.7411    0.7867    0.5253   0.03191   0.01893  0.007202
   293/299     11.9G   0.02741   0.02502  0.006478   0.05891       202       640    0.7786    0.7411    0.7868    0.5255   0.03192   0.01893  0.007207
   294/299     11.9G   0.02709   0.02486  0.006584   0.05854       181       640    0.7788     0.741    0.7866    0.5253   0.03192   0.01894  0.007215
   295/299     11.9G   0.02742   0.02488  0.006621   0.05892       217       640    0.7937    0.7278    0.7865    0.5253   0.03192   0.01895  0.007217
   296/299     11.9G   0.02741   0.02515  0.006531   0.05909       205       640    0.7881     0.734    0.7863    0.5253   0.03192   0.01896  0.007221
   297/299     11.9G    0.0273   0.02521  0.006564   0.05907       216       640    0.7862    0.7354    0.7865    0.5253   0.03192   0.01897  0.007222
   298/299     11.9G   0.02753   0.02503  0.006613   0.05917       193       640    0.7861    0.7356    0.7865    0.5256   0.03193   0.01898  0.007226
   299/299     11.9G   0.02727   0.02494  0.006443   0.05865       217       640    0.7902    0.7321    0.7863    0.5258   0.03194   0.01899  0.007231
