     0/299     9.13G    0.1336   0.01559   0.06808    0.2172       179       640 0.0004878  0.005647 3.501e-05 5.819e-06    0.1297  0.009733   0.06077
     1/299     11.9G    0.1317   0.01542    0.0636    0.2107       211       640 0.0005984   0.01746 0.0001769 2.742e-05     0.129  0.009849   0.05921
     2/299     11.9G     0.127   0.01815   0.06052    0.2057       206       640    0.1053    0.1414   0.00385 0.0007326    0.1216   0.01407   0.05224
     3/299     11.9G    0.1157   0.02313   0.05524    0.1941       181       640    0.2811    0.1093   0.04593   0.01313    0.1128   0.01534   0.04693
     4/299     11.9G    0.1088   0.02453   0.04898    0.1823       183       640   0.06328    0.1427   0.03649   0.01128    0.1132   0.01439   0.04523
     5/299     11.9G    0.1048   0.02511   0.04461    0.1745       193       640    0.1986    0.2585    0.1446   0.05334    0.1024   0.01574   0.03588
     6/299     11.9G    0.1027   0.02534   0.04134    0.1693       199       640    0.2072    0.2564    0.1565    0.0617    0.1011   0.01503   0.03422
     7/299     11.9G    0.1006   0.02556   0.03931    0.1655       209       640    0.2721    0.2943    0.2034   0.08301   0.09793   0.01636   0.03045
     8/299     11.9G    0.0993   0.02559   0.03725    0.1621       226       640    0.3725    0.2959    0.2565    0.1094   0.09563   0.01558   0.02772
     9/299     11.9G   0.09771    0.0257   0.03574    0.1591       206       640    0.3315    0.3296    0.2623    0.1128   0.09429   0.01564   0.02722
    10/299     11.9G   0.09638   0.02578   0.03422    0.1564       174       640    0.3572    0.3445    0.2829    0.1272   0.09247   0.01566   0.02565
    11/299     11.9G   0.09533   0.02592   0.03308    0.1543       221       640    0.3432    0.3862    0.3105    0.1407   0.09231   0.01583   0.02379
    12/299     11.9G    0.0943   0.02603   0.03176    0.1521       199       640     0.384    0.3916    0.3398    0.1606   0.09061   0.01575   0.02371
    13/299     11.9G   0.09369     0.026   0.03091    0.1506       176       640    0.4292    0.3911    0.3592    0.1702   0.08932    0.0157   0.02194
    14/299     11.9G   0.09289   0.02613   0.02982    0.1488       205       640    0.4715    0.4168    0.4035    0.1947   0.08761   0.01581   0.01981
    15/299     11.9G   0.09181   0.02612   0.02895    0.1469       240       640    0.4496    0.4235    0.3979    0.1955   0.08769   0.01564   0.02033
    16/299     11.9G   0.09135   0.02608   0.02864    0.1461       195       640    0.4671    0.4366     0.413    0.2021   0.08653   0.01588   0.01924
    17/299     11.9G   0.09075   0.02615   0.02762    0.1445       175       640    0.4953     0.464    0.4504    0.2282   0.08509   0.01583   0.01829
    18/299     11.9G   0.09002    0.0261   0.02711    0.1432       205       640    0.5097    0.4997    0.4741    0.2418   0.08441   0.01563   0.01731
    19/299     11.9G   0.08948   0.02613   0.02652    0.1421       178       640    0.5153    0.4959    0.4795    0.2463   0.08417   0.01559   0.01694
    20/299     11.9G   0.08913   0.02612   0.02601    0.1413       217       640    0.5435    0.5082    0.5037     0.265   0.08275   0.01565   0.01584
    21/299     11.9G   0.08829   0.02612   0.02566    0.1401       196       640    0.5463    0.5199    0.5125    0.2717   0.08249   0.01579   0.01534
    22/299     11.9G   0.08798    0.0259   0.02537    0.1393       195       640    0.5516    0.5149    0.5117    0.2713   0.08195   0.01586   0.01525
    23/299     11.9G   0.08759   0.02619   0.02435    0.1381       199       640    0.5778    0.5278    0.5377    0.2898   0.08097   0.01564    0.0141
    24/299     11.9G   0.08727   0.02599   0.02426    0.1375       155       640    0.5495    0.5535    0.5422    0.2926   0.08036    0.0158     0.014
    25/299     11.9G    0.0868   0.02601   0.02416     0.137       195       640    0.5584    0.5569    0.5487    0.3033   0.07981   0.01563   0.01395
    26/299     11.9G   0.08648   0.02594   0.02338    0.1358       163       640     0.593    0.5552    0.5697    0.3149    0.0794   0.01557   0.01332
    27/299     11.9G   0.08615   0.02618   0.02309    0.1354       175       640    0.6017    0.5641    0.5785    0.3237   0.07872   0.01559   0.01344
    28/299     11.9G   0.08575   0.02595   0.02342    0.1351       254       640    0.6196    0.5474    0.5789    0.3226   0.07882   0.01561    0.0126
    29/299     11.9G   0.08568   0.02602    0.0229    0.1346       158       640    0.6242     0.557    0.5885    0.3292   0.07826   0.01553   0.01289
    30/299     11.9G   0.08522   0.02621   0.02213    0.1336       219       640    0.6085    0.5823    0.5999    0.3381   0.07779   0.01551    0.0124
    31/299     11.9G   0.08466   0.02627   0.02204     0.133       249       640    0.6113    0.5934    0.6041     0.344   0.07745   0.01552   0.01231
    32/299     11.9G   0.08439   0.02587   0.02196    0.1322       186       640    0.6435     0.577    0.6141    0.3527   0.07706   0.01548   0.01192
    33/299     11.9G   0.08416   0.02595   0.02189     0.132       191       640    0.6379    0.5871    0.6163    0.3549   0.07675   0.01541    0.0118
    34/299     11.9G   0.08385     0.026   0.02154    0.1314       230       640     0.643    0.6037    0.6274    0.3622   0.07622   0.01542   0.01152
    35/299     11.9G    0.0835   0.02591    0.0212    0.1306       180       640     0.663    0.5925     0.634    0.3665   0.07586   0.01545   0.01134
    36/299     11.9G   0.08341   0.02592   0.02085    0.1302       210       640    0.6604    0.6099    0.6413    0.3766    0.0755   0.01539   0.01104
    37/299     11.9G   0.08323   0.02584   0.02036    0.1294       169       640     0.649    0.6274    0.6465    0.3785   0.07534   0.01537   0.01085
    38/299     11.9G   0.08297   0.02593   0.02054    0.1294       164       640    0.6492    0.6247    0.6478    0.3837   0.07513   0.01533   0.01093
    39/299     11.9G   0.08306   0.02587    0.0203    0.1292       197       640    0.6801    0.6136    0.6545    0.3877   0.07482   0.01535   0.01059
    40/299     11.9G    0.0828   0.02581   0.02057    0.1292       190       640    0.6737    0.6228    0.6589    0.3916   0.07454   0.01536    0.0106
    41/299     11.9G   0.08273   0.02578   0.02022    0.1287       195       640    0.7027     0.609    0.6671    0.3958   0.07451   0.01531   0.01044
    42/299     11.9G   0.08214   0.02586   0.01964    0.1276       203       640    0.6739    0.6328     0.669    0.3998   0.07419   0.01529   0.01018
    43/299     11.9G   0.08202     0.026   0.01947    0.1275       205       640    0.6828    0.6272    0.6706    0.4029   0.07406   0.01532   0.01018
    44/299     11.9G   0.08157   0.02592   0.01946    0.1269       213       640    0.6576    0.6544    0.6725    0.4052   0.07383   0.01528   0.01004
    45/299     11.9G   0.08148   0.02592   0.01913    0.1265       186       640    0.6779    0.6395    0.6746    0.4083   0.07353    0.0153  0.009808
    46/299     11.9G   0.08111   0.02581    0.0191     0.126       180       640    0.6865    0.6398    0.6765    0.4089   0.07331   0.01532  0.009796
    47/299     11.9G   0.08136   0.02558   0.01928    0.1262       189       640    0.6922    0.6373    0.6782    0.4116   0.07314   0.01528  0.009834
    48/299     11.9G   0.08116   0.02584   0.01871    0.1257       198       640    0.6771    0.6548    0.6836     0.415   0.07291   0.01527  0.009722
    49/299     11.9G   0.08072   0.02588   0.01854    0.1251       210       640    0.6803    0.6573    0.6855    0.4166   0.07278   0.01527  0.009675
    50/299     11.9G   0.08061   0.02566   0.01877     0.125       189       640    0.6934    0.6508    0.6871    0.4182   0.07262   0.01526  0.009512
    51/299     11.9G   0.08037   0.02569   0.01849    0.1245       210       640    0.6988    0.6461    0.6872     0.419   0.07249   0.01527  0.009416
    52/299     11.9G   0.08021   0.02594   0.01811    0.1243       183       640    0.7256    0.6289    0.6909    0.4221   0.07234   0.01525  0.009327
    53/299     11.9G   0.08015   0.02561   0.01857    0.1243       207       640    0.7066    0.6441    0.6941    0.4258   0.07225   0.01524  0.009296
    54/299     11.9G   0.07996   0.02592   0.01797    0.1238       220       640    0.7136    0.6441    0.6956    0.4281   0.07212   0.01524  0.009257
    55/299     11.9G    0.0797   0.02562   0.01773    0.1231       157       640    0.7124    0.6462    0.6981    0.4302   0.07199   0.01523  0.009183
    56/299     11.9G   0.07982   0.02549   0.01782    0.1231       168       640    0.7195    0.6431    0.6995    0.4318   0.07188   0.01522  0.009121
    57/299     11.9G   0.07962   0.02601   0.01748    0.1231       182       640    0.7252    0.6413    0.7002    0.4333    0.0718   0.01522  0.009072
    58/299     11.9G   0.07932   0.02562   0.01751    0.1224       191       640     0.711    0.6536     0.702    0.4352    0.0717   0.01521   0.00902
    59/299     11.9G   0.07932   0.02565   0.01745    0.1224       222       640    0.7253    0.6456    0.7032    0.4363   0.07162   0.01522  0.008984
    60/299     11.9G   0.07928   0.02567    0.0173    0.1222       191       640    0.7264    0.6468    0.7048    0.4378   0.07154   0.01521  0.008952
    61/299     11.9G   0.07909    0.0255   0.01716    0.1217       217       640    0.7143    0.6553     0.705    0.4384   0.07146   0.01521  0.008916
    62/299     11.9G   0.07913   0.02571    0.0172     0.122       210       640    0.7159    0.6553    0.7059      0.44   0.07138   0.01521  0.008872
    63/299     11.9G    0.0788   0.02579   0.01697    0.1216       196       640     0.719    0.6543    0.7074    0.4406   0.07132   0.01521  0.008843
    64/299     11.9G   0.07816   0.02562   0.01664    0.1204       202       640    0.7273    0.6512    0.7089    0.4421   0.07124    0.0152  0.008816
    65/299     11.9G    0.0788   0.02569   0.01684    0.1213       196       640    0.7216    0.6562    0.7097    0.4432   0.07116   0.01519  0.008793
    66/299     11.9G   0.07855   0.02569   0.01679     0.121       219       640    0.7264    0.6515    0.7106    0.4445   0.07111   0.01519  0.008765
    67/299     11.9G   0.07823    0.0255   0.01663    0.1204       235       640    0.7232    0.6541    0.7109    0.4453   0.07106   0.01518  0.008748
    68/299     11.9G     0.078   0.02561   0.01636      0.12       203       640    0.7056    0.6691    0.7119    0.4456   0.07101   0.01518  0.008723
    69/299     11.9G   0.07836   0.02553   0.01649    0.1204       186       640    0.7232    0.6554    0.7127    0.4468   0.07096   0.01517  0.008706
    70/299     11.9G   0.07771   0.02558   0.01635    0.1196       229       640    0.7298    0.6513    0.7131    0.4475    0.0709   0.01517  0.008686
    71/299     11.9G   0.07795   0.02591   0.01617      0.12       219       640    0.7358    0.6476     0.714    0.4486   0.07085   0.01516  0.008672
    72/299     11.9G    0.0777   0.02566   0.01576    0.1191       215       640    0.7206    0.6601    0.7147    0.4497    0.0708   0.01516  0.008653
    73/299     11.9G   0.07752   0.02556   0.01613    0.1192       216       640    0.7223    0.6604    0.7153    0.4507   0.07075   0.01516  0.008629
    74/299     11.9G   0.07742   0.02561   0.01584    0.1189       174       640    0.7153    0.6667    0.7158     0.451    0.0707   0.01515  0.008608
    75/299     11.9G   0.07748   0.02551    0.0163    0.1193       199       640    0.7197    0.6648    0.7171     0.452   0.07065   0.01515    0.0086
    76/299     11.9G   0.07726    0.0255   0.01555    0.1183       195       640    0.7225    0.6639    0.7179    0.4529    0.0706   0.01514  0.008589
    77/299     11.9G   0.07687    0.0255   0.01554    0.1179       209       640    0.7229    0.6652    0.7185    0.4533   0.07055   0.01514  0.008573
    78/299     11.9G   0.07726   0.02534   0.01581    0.1184       192       640    0.7056    0.6811    0.7195     0.454   0.07049   0.01513  0.008549
    79/299     11.9G   0.07711   0.02562   0.01612    0.1188       202       640    0.7092    0.6786      0.72    0.4551   0.07045   0.01513   0.00853
    80/299     11.9G   0.07711   0.02567   0.01547    0.1183       212       640    0.7342    0.6598    0.7206    0.4559   0.07042   0.01512  0.008517
    81/299     11.9G   0.07655   0.02546   0.01526    0.1173       196       640    0.7357    0.6609    0.7211    0.4567   0.07038   0.01511  0.008506
    82/299     11.9G   0.07655   0.02541   0.01543    0.1174       208       640    0.7339    0.6644     0.722     0.457   0.07034    0.0151  0.008487
    83/299     11.9G   0.07686   0.02539   0.01548    0.1177       190       640    0.7364     0.663    0.7225    0.4577    0.0703   0.01509  0.008469
    84/299     11.9G   0.07661   0.02522   0.01555    0.1174       186       640    0.7327    0.6663    0.7234    0.4583   0.07026   0.01509  0.008451
    85/299     11.9G     0.076   0.02539   0.01542    0.1168       218       640    0.7344    0.6662    0.7238    0.4586   0.07022   0.01508  0.008434
    86/299     11.9G   0.07617    0.0254   0.01518    0.1167       223       640    0.7333    0.6683     0.724     0.459   0.07017   0.01508  0.008418
    87/299     11.9G   0.07621   0.02547   0.01525    0.1169       218       640    0.7326    0.6689    0.7244    0.4598   0.07014   0.01507  0.008402
    88/299     11.9G   0.07615   0.02556   0.01476    0.1165       197       640    0.7381    0.6655    0.7251    0.4603    0.0701   0.01507  0.008388
    89/299     11.9G   0.07594   0.02529   0.01462    0.1158       200       640     0.724    0.6772    0.7258    0.4612   0.07006   0.01506   0.00837
    90/299     11.9G   0.07607   0.02549   0.01487    0.1164       221       640    0.7105    0.6899    0.7262    0.4616   0.07002   0.01506  0.008359
    91/299     11.9G    0.0758   0.02534   0.01485     0.116       206       640    0.7131    0.6879    0.7268    0.4621   0.06999   0.01505  0.008348
    92/299     11.9G    0.0755    0.0253   0.01475    0.1155       208       640    0.7426    0.6641    0.7271    0.4627   0.06995   0.01505  0.008339
    93/299     11.9G   0.07562    0.0253   0.01465    0.1156       173       640    0.7444    0.6648     0.728    0.4633   0.06991   0.01504  0.008326
    94/299     11.9G   0.07558   0.02541   0.01483    0.1158       183       640    0.7201    0.6847    0.7283    0.4639   0.06988   0.01504  0.008312
    95/299     11.9G   0.07547   0.02505   0.01456    0.1151       214       640    0.7134    0.6918     0.729    0.4644   0.06984   0.01503  0.008299
    96/299     11.9G   0.07553    0.0255   0.01419    0.1152       221       640    0.7128    0.6924    0.7294    0.4653    0.0698   0.01502  0.008281
    97/299     11.9G   0.07504   0.02514   0.01428    0.1145       179       640    0.7135    0.6936      0.73    0.4658   0.06975   0.01501  0.008268
    98/299     11.9G   0.07512   0.02535   0.01428    0.1147       213       640    0.7189    0.6916    0.7311    0.4661   0.06972   0.01501  0.008254
    99/299     11.9G   0.07502   0.02537   0.01392    0.1143       171       640     0.717    0.6937    0.7312     0.467   0.06968     0.015  0.008237
   100/299     11.9G    0.0749   0.02555   0.01402    0.1145       215       640    0.7175     0.694    0.7316    0.4676   0.06965   0.01499  0.008223
   101/299     11.9G   0.07499   0.02536   0.01412    0.1145       192       640    0.7193    0.6938    0.7321    0.4685   0.06961   0.01499  0.008212
   102/299     11.9G   0.07486   0.02526   0.01416    0.1143       177       640    0.7246    0.6905    0.7326    0.4691   0.06957   0.01498    0.0082
   103/299     11.9G   0.07446   0.02507   0.01392    0.1135       210       640    0.7315    0.6841    0.7329    0.4695   0.06953   0.01498  0.008188
   104/299     11.9G   0.07455   0.02515   0.01388    0.1136       200       640    0.7305    0.6852    0.7334    0.4702   0.06949   0.01497  0.008176
   105/299     11.9G   0.07426   0.02522   0.01398    0.1135       198       640     0.721    0.6947    0.7338    0.4707   0.06945   0.01496  0.008163
   106/299     11.9G   0.07432   0.02518   0.01386    0.1134       187       640    0.7386    0.6806    0.7346    0.4715   0.06941   0.01496  0.008147
   107/299     11.9G   0.07423   0.02521   0.01392    0.1134       208       640    0.7308    0.6899    0.7349    0.4723   0.06938   0.01495  0.008135
   108/299     11.9G   0.07427   0.02514   0.01376    0.1132       212       640    0.7353    0.6876    0.7358    0.4728   0.06934   0.01494   0.00812
   109/299     11.9G   0.07394   0.02499   0.01388    0.1128       217       640    0.7396    0.6859    0.7366    0.4735    0.0693   0.01493  0.008104
   110/299     11.9G   0.07399   0.02505   0.01372    0.1128       176       640    0.7387    0.6875    0.7372    0.4738   0.06927   0.01493  0.008092
   111/299     11.9G   0.07398   0.02508   0.01372    0.1128       204       640    0.7343    0.6927    0.7377    0.4744   0.06924   0.01492  0.008079
   112/299     11.9G   0.07415   0.02506   0.01371    0.1129       175       640    0.7359    0.6925    0.7385    0.4756    0.0692   0.01491  0.008068
   113/299     11.9G   0.07414   0.02488   0.01344    0.1125       171       640    0.7391    0.6907    0.7394    0.4759   0.06917   0.01491  0.008053
   114/299     11.9G   0.07385   0.02505   0.01369    0.1126       239       640    0.7411     0.689    0.7399    0.4768   0.06914    0.0149  0.008036
   115/299     11.9G   0.07353   0.02488   0.01334    0.1117       181       640    0.7457    0.6856    0.7401    0.4775   0.06911   0.01489   0.00802
   116/299     11.9G   0.07373   0.02505   0.01345    0.1122       218       640    0.7342    0.6963    0.7411    0.4781   0.06908   0.01488   0.00801
   117/299     11.9G   0.07353   0.02495   0.01337    0.1118       189       640    0.7353    0.6951    0.7416    0.4787   0.06905   0.01487     0.008
   118/299     11.9G   0.07356   0.02477   0.01346    0.1118       204       640    0.7416      0.69    0.7421    0.4795   0.06902   0.01487  0.007982
   119/299     11.9G   0.07321   0.02499   0.01332    0.1115       202       640    0.7499    0.6857    0.7429    0.4802   0.06898   0.01486  0.007966
   120/299     11.9G   0.07313   0.02505   0.01314    0.1113       218       640    0.7508    0.6851    0.7432    0.4806   0.06895   0.01486  0.007952
   121/299     11.9G   0.07337   0.02499   0.01327    0.1116       229       640    0.7485    0.6878    0.7437    0.4813   0.06892   0.01485  0.007937
   122/299     11.9G    0.0727   0.02495   0.01309    0.1107       186       640    0.7352    0.6994    0.7441    0.4822    0.0689   0.01484  0.007926
   123/299     11.9G   0.07283   0.02467   0.01315    0.1106       186       640    0.7559     0.683    0.7446    0.4827   0.06886   0.01484  0.007909
   124/299     11.9G   0.07287   0.02491   0.01281    0.1106       216       640     0.756    0.6846    0.7454    0.4834   0.06883   0.01483  0.007891
   125/299     11.9G   0.07288   0.02502   0.01284    0.1107       234       640    0.7564    0.6851    0.7459    0.4838   0.06879   0.01482  0.007874
   126/299     11.9G   0.07238     0.025   0.01294    0.1103       226       640    0.7449    0.6945    0.7464    0.4844   0.06876   0.01482  0.007864
   127/299     11.9G   0.07265   0.02502   0.01253    0.1102       194       640    0.7554    0.6863     0.747    0.4851   0.06873   0.01481  0.007849
   128/299     11.9G   0.07247   0.02498   0.01251      0.11       153       640    0.7468    0.6947    0.7474    0.4862    0.0687    0.0148  0.007831
   129/299     11.9G    0.0722   0.02477   0.01259    0.1096       229       640    0.7503    0.6924    0.7479    0.4866   0.06867    0.0148  0.007815
   130/299     11.9G   0.07221   0.02492   0.01272    0.1098       189       640     0.744    0.6981    0.7483    0.4869   0.06864   0.01479  0.007806
   131/299     11.9G   0.07205   0.02497   0.01251    0.1095       207       640    0.7449    0.6983    0.7489    0.4875    0.0686   0.01478  0.007793
   132/299     11.9G   0.07229   0.02488   0.01251    0.1097       236       640    0.7493    0.6948    0.7494    0.4881   0.06857   0.01478   0.00778
   133/299     11.9G   0.07166   0.02482   0.01234    0.1088       184       640    0.7349     0.707    0.7498    0.4885   0.06853   0.01477  0.007766
   134/299     11.9G   0.07193   0.02485   0.01262    0.1094       193       640    0.7341    0.7082    0.7504    0.4893    0.0685   0.01476   0.00775
   135/299     11.9G   0.07213   0.02496   0.01236    0.1095       224       640    0.7357    0.7071    0.7508    0.4898   0.06847   0.01476  0.007737
   136/299     11.9G   0.07181   0.02468   0.01257    0.1091       257       640     0.736    0.7086    0.7512    0.4904   0.06844   0.01475  0.007721
   137/299     11.9G   0.07189     0.025   0.01258    0.1095       229       640    0.7459    0.7019    0.7517    0.4913   0.06841   0.01474  0.007712
   138/299     11.9G   0.07143   0.02473   0.01218    0.1083       223       640    0.7409    0.7068    0.7521    0.4918   0.06837   0.01474  0.007704
   139/299     11.9G   0.07171   0.02472   0.01225    0.1087       217       640     0.745    0.7029    0.7526    0.4923   0.06834   0.01473  0.007692
   140/299     11.9G   0.07139   0.02483   0.01224    0.1085       170       640    0.7533     0.696    0.7528    0.4927   0.06831   0.01473  0.007681
   141/299     11.9G   0.07146   0.02462   0.01212    0.1082       142       640    0.7576    0.6936    0.7533    0.4934   0.06828   0.01472  0.007668
   142/299     11.9G    0.0714   0.02499   0.01203    0.1084       204       640    0.7565    0.6959     0.754    0.4941   0.06824   0.01471  0.007659
   143/299     11.9G   0.07095   0.02472   0.01197    0.1076       156       640     0.756    0.6974    0.7544    0.4943   0.06821   0.01471  0.007648
   144/299     11.9G    0.0713   0.02481    0.0122    0.1083       211       640    0.7517    0.7008    0.7552    0.4944   0.06819    0.0147  0.007639
   145/299     11.9G   0.07115   0.02485   0.01195    0.1079       182       640    0.7505    0.7028    0.7559    0.4951   0.06816   0.01469  0.007633
   146/299     11.9G   0.07093   0.02462    0.0118    0.1074       200       640    0.7604    0.6938    0.7561    0.4956   0.06813   0.01469  0.007628
   147/299     11.9G    0.0709   0.02471   0.01166    0.1073       205       640    0.7663    0.6912    0.7565    0.4963   0.06811   0.01468  0.007622
   148/299     11.9G   0.07072   0.02464   0.01175    0.1071       222       640    0.7658    0.6921     0.757    0.4968   0.06808   0.01467  0.007617
   149/299     11.9G   0.07066   0.02461   0.01173     0.107       166       640    0.7669    0.6927    0.7574    0.4973   0.06805   0.01467  0.007611
   150/299     11.9G   0.07065   0.02464   0.01174     0.107       187       640    0.7653    0.6955     0.758    0.4977   0.06802   0.01466   0.00761
   151/299     11.9G   0.07064   0.02459   0.01183    0.1071       224       640    0.7601    0.6995    0.7584    0.4985   0.06799   0.01466  0.007602
   152/299     11.9G   0.07089   0.02452   0.01164    0.1071       182       640    0.7586    0.7012    0.7584    0.4987   0.06796   0.01465  0.007592
   153/299     11.9G   0.07039    0.0246   0.01171    0.1067       193       640    0.7544     0.705     0.759    0.4994   0.06793   0.01465  0.007583
   154/299     11.9G    0.0703   0.02461   0.01135    0.1063       183       640    0.7575     0.703    0.7587    0.5003   0.06791   0.01464  0.007575
   155/299     11.9G   0.07024   0.02471   0.01133    0.1063       209       640    0.7487    0.7107    0.7591    0.5004   0.06788   0.01464  0.007566
   156/299     11.9G   0.06989   0.02428   0.01141    0.1056       261       640    0.7468    0.7127    0.7594    0.5009   0.06786   0.01463  0.007561
   157/299     11.9G   0.07001   0.02455   0.01108    0.1056       215       640    0.7538    0.7097    0.7603     0.502   0.06783   0.01463  0.007553
   158/299     11.9G   0.06998   0.02481    0.0115    0.1063       209       640    0.7523    0.7124    0.7602    0.5023    0.0678   0.01462  0.007544
   159/299     11.9G   0.06966   0.02467   0.01136    0.1057       183       640    0.7518    0.7137    0.7607    0.5029   0.06778   0.01462  0.007535
   160/299     11.9G    0.0701   0.02463   0.01125     0.106       210       640     0.753    0.7131    0.7613    0.5035   0.06775   0.01462  0.007525
   161/299     11.9G   0.06979   0.02464   0.01141    0.1058       206       640    0.7483    0.7173    0.7616     0.504   0.06772   0.01461  0.007515
   162/299     11.9G   0.06966   0.02458   0.01122    0.1055       199       640    0.7457    0.7207    0.7622    0.5047    0.0677   0.01461  0.007502
   163/299     11.9G   0.06935   0.02413   0.01112    0.1046       198       640    0.7419    0.7241    0.7625    0.5054   0.06768    0.0146  0.007497
   164/299     11.9G   0.06951   0.02448   0.01092    0.1049       184       640    0.7701    0.7005     0.763     0.506   0.06766    0.0146  0.007494
   165/299     11.9G   0.06921   0.02429   0.01103    0.1045       233       640    0.7696     0.702     0.764    0.5064   0.06764   0.01459  0.007486
   166/299     11.9G   0.06937   0.02453   0.01089    0.1048       198       640     0.769    0.7033    0.7645    0.5074   0.06761   0.01459  0.007481
   167/299     11.9G   0.06939   0.02445   0.01088    0.1047       199       640    0.7655    0.7064    0.7649    0.5078   0.06759   0.01458  0.007475
   168/299     11.9G   0.06888   0.02426   0.01075    0.1039       221       640    0.7572    0.7148     0.765    0.5081   0.06756   0.01458   0.00747
   169/299     11.9G   0.06899   0.02434   0.01086    0.1042       181       640    0.7613    0.7114    0.7653    0.5083   0.06754   0.01458  0.007466
   170/299     11.9G   0.06898   0.02451   0.01086    0.1043       188       640    0.7606    0.7138    0.7657    0.5087   0.06752   0.01457  0.007459
   171/299     11.9G   0.06876   0.02427   0.01076    0.1038       223       640    0.7615     0.715    0.7662    0.5094    0.0675   0.01457  0.007453
   172/299     11.9G   0.06876   0.02428     0.011     0.104       215       640     0.763    0.7127    0.7665    0.5102   0.06748   0.01456  0.007444
   173/299     11.9G   0.06898   0.02443   0.01086    0.1043       226       640    0.7634    0.7126    0.7669    0.5108   0.06746   0.01456  0.007432
   174/299     11.9G   0.06844   0.02441   0.01041    0.1033       216       640    0.7607     0.715    0.7666    0.5109   0.06744   0.01456  0.007422
   175/299     11.9G   0.06852   0.02409   0.01095    0.1036       199       640    0.7671    0.7104    0.7669     0.511   0.06742   0.01455  0.007409
   176/299     11.9G   0.06819    0.0242   0.01052    0.1029       201       640    0.7707    0.7078    0.7672    0.5118    0.0674   0.01455  0.007396
   177/299     11.9G   0.06857   0.02426   0.01069    0.1035       218       640    0.7694    0.7099    0.7677     0.512   0.06738   0.01455  0.007382
   178/299     11.9G   0.06841   0.02449    0.0106    0.1035       167       640    0.7639    0.7153    0.7681    0.5121   0.06736   0.01454   0.00737
   179/299     11.9G   0.06826   0.02428   0.01038    0.1029       200       640    0.7666    0.7136    0.7687    0.5126   0.06735   0.01454  0.007358
   180/299     11.9G   0.06815   0.02422   0.01059     0.103       220       640    0.7741    0.7076    0.7691    0.5133   0.06733   0.01454  0.007348
   181/299     11.9G   0.06845    0.0242   0.01047    0.1031       201       640    0.7731    0.7086    0.7694    0.5138   0.06731   0.01453  0.007337
   182/299     11.9G    0.0679   0.02417    0.0103    0.1024       195       640    0.7776    0.7059    0.7697    0.5139   0.06729   0.01453  0.007332
   183/299     11.9G   0.06802   0.02415   0.01041    0.1026       172       640    0.7802    0.7036    0.7701    0.5143   0.06728   0.01452  0.007325
   184/299     11.9G   0.06786   0.02438    0.0104    0.1026       186       640     0.779    0.7049    0.7703    0.5147   0.06726   0.01452  0.007312
   185/299     11.9G   0.06764   0.02406   0.01028     0.102       218       640    0.7793    0.7061    0.7707    0.5148   0.06724   0.01452  0.007303
   186/299     11.9G    0.0675   0.02405   0.01021    0.1018       202       640    0.7802    0.7069    0.7712    0.5156   0.06722   0.01451  0.007291
   187/299     11.9G    0.0674   0.02425   0.01026    0.1019       207       640    0.7809    0.7059    0.7713    0.5155    0.0672   0.01451  0.007282
   188/299     11.9G   0.06751   0.02397   0.01011    0.1016       233       640    0.7785    0.7077    0.7715    0.5158   0.06719   0.01451  0.007273
   189/299     11.9G   0.06699   0.02413   0.01017    0.1013       195       640    0.7824    0.7066    0.7719    0.5162   0.06717    0.0145  0.007265
   190/299     11.9G   0.06716   0.02404    0.0101    0.1013       233       640    0.7819    0.7067    0.7721    0.5164   0.06715    0.0145  0.007253
   191/299     11.9G   0.06731   0.02419   0.01033    0.1018       177       640    0.7795    0.7077    0.7723    0.5167   0.06715    0.0145  0.007244
   192/299     11.9G   0.06722   0.02389   0.01026    0.1014       201       640    0.7756    0.7107    0.7727    0.5175   0.06714   0.01449  0.007233
   193/299     11.9G   0.06662   0.02411  0.009901    0.1006       220       640    0.7688     0.717    0.7732    0.5179   0.06712   0.01449  0.007231
   194/299     11.9G   0.06686   0.02423  0.009918     0.101       188       640    0.7707    0.7167    0.7734    0.5185   0.06711   0.01449  0.007226
   195/299     11.9G   0.06677   0.02387  0.009848    0.1005       149       640    0.7694    0.7179    0.7737    0.5186    0.0671   0.01448  0.007217
   196/299     11.9G   0.06688   0.02404  0.009997    0.1009       188       640     0.778    0.7113    0.7741    0.5192   0.06708   0.01448  0.007207
   197/299     11.9G   0.06659    0.0243  0.009767    0.1007       258       640    0.7716    0.7174     0.774    0.5195   0.06707   0.01448  0.007196
   198/299     11.9G   0.06651   0.02399  0.009939    0.1004       262       640    0.7743    0.7165     0.774    0.5199   0.06705   0.01448  0.007186
   199/299     11.9G   0.06643     0.024  0.009592       0.1       198       640    0.7764    0.7148    0.7744    0.5204   0.06705   0.01447  0.007176
   200/299     11.9G   0.06639   0.02383  0.009792       0.1       199       640    0.7764    0.7157    0.7745    0.5208   0.06703   0.01447  0.007167
   201/299     11.9G   0.06658   0.02389  0.009738    0.1002       206       640     0.776    0.7163     0.775    0.5209   0.06702   0.01447  0.007158
   202/299     11.9G   0.06611   0.02393  0.009417   0.09946       167       640    0.7777    0.7152     0.775    0.5215   0.06701   0.01446   0.00715
   203/299     11.9G   0.06632   0.02357  0.009809    0.0997       183       640    0.7758    0.7162    0.7751    0.5219     0.067   0.01446  0.007143
   204/299     11.9G   0.06612   0.02386  0.009364   0.09934       182       640     0.783     0.711    0.7754    0.5219   0.06699   0.01446   0.00714
   205/299     11.9G   0.06588   0.02371  0.009664   0.09925       174       640    0.7836    0.7109    0.7758    0.5224   0.06698   0.01446  0.007137
   206/299     11.9G   0.06577    0.0239  0.009412   0.09908       220       640    0.7863    0.7096    0.7758    0.5227   0.06696   0.01445  0.007133
   207/299     11.9G   0.06598   0.02386  0.009656    0.0995       216       640    0.7846    0.7111    0.7763    0.5233   0.06695   0.01445  0.007121
   208/299     11.9G   0.06585   0.02393  0.009712   0.09949       213       640    0.7836     0.712    0.7766    0.5234   0.06694   0.01445  0.007117
   209/299     11.9G   0.06558   0.02377  0.009284   0.09863       210       640    0.7866    0.7101    0.7765    0.5232   0.06692   0.01445  0.007114
   210/299     11.9G   0.06548   0.02372  0.009472   0.09868       219       640    0.7804    0.7144    0.7765    0.5232   0.06691   0.01445  0.007112
   211/299     11.9G   0.06537    0.0238  0.009271   0.09844       174       640    0.7762    0.7176    0.7766    0.5236    0.0669   0.01445  0.007107
   212/299     11.9G   0.06542   0.02371  0.009275    0.0984       201       640     0.776    0.7184    0.7769     0.524   0.06689   0.01445  0.007107
   213/299     11.9G     0.065   0.02354  0.009189   0.09773       171       640    0.7699    0.7236    0.7773    0.5244   0.06687   0.01444    0.0071
   214/299     11.9G   0.06524   0.02376  0.009118   0.09812       222       640    0.7696    0.7244    0.7773    0.5244   0.06686   0.01444  0.007093
   215/299     11.9G   0.06496   0.02364  0.009329   0.09792       176       640    0.7713    0.7236    0.7776    0.5248   0.06685   0.01444   0.00709
   216/299     11.9G   0.06498   0.02377   0.00914   0.09789       170       640    0.7676    0.7274    0.7775    0.5246   0.06684   0.01444  0.007084
   217/299     11.9G   0.06463   0.02363  0.009036    0.0973       217       640    0.7684    0.7273    0.7778    0.5248   0.06683   0.01444  0.007076
   218/299     11.9G   0.06454   0.02351   0.00891   0.09696       184       640    0.7684    0.7286    0.7779    0.5248   0.06682   0.01444  0.007073
   219/299     11.9G   0.06449   0.02373  0.009173    0.0974       190       640    0.7662    0.7302     0.778     0.525   0.06681   0.01443  0.007071
   220/299     11.9G   0.06445   0.02352  0.009001   0.09697       198       640    0.7677    0.7297    0.7782    0.5251   0.06681   0.01443  0.007067
   221/299     11.9G   0.06466   0.02362  0.009077   0.09736       195       640    0.7671    0.7305    0.7784    0.5255    0.0668   0.01443  0.007066
   222/299     11.9G   0.06442   0.02362  0.009048   0.09709       213       640    0.7637    0.7336    0.7784    0.5257   0.06679   0.01443  0.007067
   223/299     11.9G   0.06447   0.02349  0.008934   0.09689       220       640    0.7683    0.7304    0.7787    0.5264   0.06678   0.01443  0.007062
   224/299     11.9G   0.06464   0.02353  0.008973   0.09714       197       640      0.77    0.7296    0.7785    0.5263   0.06677   0.01443   0.00706
   225/299     11.9G   0.06446    0.0237   0.00885   0.09701       180       640    0.7667     0.733    0.7789    0.5266   0.06676   0.01443  0.007056
   226/299     11.9G   0.06405   0.02354  0.008664   0.09626       194       640    0.7685    0.7323    0.7792    0.5269   0.06675   0.01443   0.00705
   227/299     11.9G    0.0641   0.02356  0.008872   0.09654       219       640    0.7703    0.7304    0.7793    0.5267   0.06673   0.01443  0.007049
   228/299     11.9G   0.06407   0.02352  0.008832   0.09643       220       640    0.7684    0.7332    0.7797    0.5269   0.06672   0.01443  0.007046
   229/299     11.9G   0.06426   0.02358  0.008845   0.09669       189       640    0.7664    0.7354    0.7801    0.5275   0.06672   0.01442  0.007043
   230/299     11.9G    0.0639   0.02346  0.008906   0.09626       201       640    0.7717    0.7309    0.7804    0.5278   0.06671   0.01442  0.007039
   231/299     11.9G   0.06362   0.02339  0.008645   0.09565       233       640    0.7767     0.727    0.7807    0.5281    0.0667   0.01442  0.007037
   232/299     11.9G   0.06362    0.0233  0.008656   0.09558       194       640    0.7782    0.7258    0.7807    0.5283   0.06669   0.01442  0.007033
   233/299     11.9G   0.06363   0.02343  0.008677   0.09574       209       640    0.7827    0.7219    0.7806    0.5285   0.06668   0.01442  0.007029
   234/299     11.9G   0.06349   0.02344  0.008606   0.09553       231       640    0.7809    0.7233    0.7805    0.5287   0.06667   0.01442  0.007025
   235/299     11.9G   0.06336   0.02318  0.008516   0.09506       182       640    0.7816    0.7236    0.7809    0.5289   0.06666   0.01442  0.007023
   236/299     11.9G   0.06323   0.02329  0.008657   0.09518       168       640    0.7775    0.7267     0.781     0.529   0.06665   0.01442  0.007021
   237/299     11.9G   0.06346   0.02342  0.008508   0.09539       214       640    0.7852    0.7209    0.7812    0.5289   0.06664   0.01442  0.007015
   238/299     11.9G   0.06307   0.02341  0.008464   0.09494       204       640    0.7853    0.7215    0.7812    0.5293   0.06664   0.01442  0.007013
   239/299     11.9G   0.06325   0.02332  0.008631    0.0952       179       640    0.7866    0.7205    0.7814    0.5295   0.06664   0.01442  0.007013
   240/299     11.9G   0.06285   0.02332  0.008589   0.09476       179       640    0.7862    0.7208    0.7815    0.5298   0.06663   0.01442  0.007009
   241/299     11.9G   0.06292    0.0234  0.008285   0.09461       211       640    0.7885    0.7188    0.7817      0.53   0.06662   0.01442  0.007001
   242/299     11.9G   0.06277    0.0235  0.008371   0.09464       213       640    0.7826     0.724    0.7821    0.5302   0.06661   0.01442  0.006999
   243/299     11.9G   0.06272   0.02323  0.008403   0.09435       191       640    0.7791    0.7275    0.7823    0.5302   0.06661   0.01442  0.006993
   244/299     11.9G   0.06269   0.02325  0.008196   0.09413       205       640    0.7791    0.7265    0.7825    0.5305   0.06661   0.01442  0.006989
   245/299     11.9G   0.06259   0.02322  0.008304   0.09411       214       640    0.7851    0.7222    0.7827     0.531   0.06661   0.01442  0.006985
   246/299     11.9G   0.06238   0.02308  0.008368   0.09383       186       640    0.7836    0.7226    0.7829    0.5312   0.06661   0.01442  0.006983
   247/299     11.9G   0.06241   0.02307  0.008311   0.09379       197       640    0.7856    0.7205    0.7829    0.5311   0.06661   0.01442  0.006979
   248/299     11.9G    0.0628   0.02308  0.008332   0.09421       220       640    0.7787    0.7258     0.783    0.5316   0.06661   0.01442  0.006971
   249/299     11.9G   0.06236   0.02297  0.008163    0.0935       206       640    0.7872    0.7189    0.7831    0.5318   0.06661   0.01442  0.006965
   250/299     11.9G   0.06233   0.02327  0.008402     0.094       220       640     0.778    0.7261    0.7832     0.532   0.06661   0.01442  0.006963
   251/299     11.9G   0.06244   0.02304  0.008229   0.09371       200       640    0.7749    0.7287    0.7831    0.5315   0.06661   0.01442  0.006962
   252/299     11.9G    0.0623   0.02293  0.008278    0.0935       163       640     0.779    0.7253    0.7834    0.5319   0.06661   0.01442  0.006961
   253/299     11.9G   0.06203   0.02317   0.00833   0.09354       195       640    0.8026    0.7075    0.7836    0.5324   0.06661   0.01442  0.006959
   254/299     11.9G    0.0619   0.02298  0.008181   0.09306       169       640    0.7802    0.7255    0.7836    0.5324   0.06661   0.01442  0.006957
   255/299     11.9G   0.06204   0.02294  0.008273   0.09326       213       640    0.7875      0.72    0.7837    0.5326   0.06661   0.01442  0.006954
   256/299     11.9G   0.06194   0.02316  0.008104    0.0932       179       640    0.8005    0.7106    0.7841    0.5326    0.0666   0.01442  0.006951
   257/299     11.9G    0.0618   0.02313  0.007978   0.09291       205       640    0.7996    0.7121    0.7843    0.5328    0.0666   0.01442  0.006953
   258/299     11.9G   0.06207   0.02307  0.008178   0.09331       211       640    0.8029    0.7093    0.7844     0.533    0.0666   0.01443  0.006954
   259/299     11.9G   0.06159    0.0232  0.007783   0.09257       179       640    0.8008    0.7113    0.7845     0.533    0.0666   0.01443  0.006957
   260/299     11.9G   0.06151   0.02276  0.008181   0.09246       188       640    0.7963    0.7155    0.7847    0.5333   0.06659   0.01443  0.006957
   261/299     11.9G   0.06152   0.02288  0.007944   0.09234       198       640    0.7927    0.7177    0.7848    0.5332   0.06659   0.01444  0.006956
   262/299     11.9G   0.06151     0.023  0.008051   0.09256       229       640    0.7991    0.7124    0.7848    0.5334   0.06659   0.01444  0.006955
   263/299     11.9G   0.06133   0.02294  0.007995   0.09226       182       640    0.7847    0.7233    0.7847    0.5332   0.06659   0.01444  0.006954
   264/299     11.9G   0.06146   0.02296   0.00807   0.09249       194       640    0.7841    0.7242    0.7845    0.5336   0.06659   0.01444  0.006958
   265/299     11.9G   0.06135   0.02302  0.008026   0.09239       193       640    0.7748    0.7317    0.7844    0.5335   0.06659   0.01444   0.00696
   266/299     11.9G    0.0612    0.0227   0.00803   0.09193       222       640    0.7765    0.7311    0.7846    0.5334   0.06659   0.01444  0.006964
   267/299     11.9G    0.0612   0.02299  0.007927   0.09212       223       640    0.7723    0.7348    0.7848    0.5335   0.06658   0.01445  0.006967
   268/299     11.9G   0.06111   0.02294  0.008059   0.09211       193       640    0.7781    0.7308    0.7849    0.5335   0.06658   0.01445  0.006968
   269/299     11.9G   0.06083   0.02285  0.007849   0.09153       195       640    0.7756    0.7323    0.7849    0.5343   0.06657   0.01445  0.006968
   270/299     11.9G   0.06117   0.02282  0.007934   0.09192       245       640    0.7734     0.734    0.7849    0.5345   0.06657   0.01445  0.006966
   271/299     11.9G   0.06101   0.02273  0.007861    0.0916       190       640    0.7815    0.7278    0.7848    0.5345   0.06656   0.01445  0.006964
   272/299     11.9G     0.061   0.02263  0.007692   0.09132       187       640    0.7814    0.7281    0.7847    0.5345   0.06657   0.01445  0.006964
   273/299     11.9G   0.06057   0.02259  0.007765   0.09093       187       640    0.7801    0.7294     0.785    0.5348   0.06657   0.01446  0.006963
   274/299     11.9G   0.06093   0.02286  0.007678   0.09147       244       640    0.7762    0.7329    0.7852    0.5348   0.06657   0.01446  0.006964
   275/299     11.9G   0.06073    0.0229  0.007566   0.09119       182       640    0.7749    0.7343    0.7853     0.535   0.06657   0.01446  0.006961
   276/299     11.9G   0.06074   0.02266  0.007831   0.09123       219       640     0.781    0.7301    0.7861    0.5346   0.06658   0.01446  0.006963
   277/299     11.9G   0.06057   0.02266  0.007725   0.09095       189       640    0.7827    0.7286    0.7854    0.5344   0.06658   0.01447  0.006961
   278/299     11.9G   0.06069   0.02277  0.007758   0.09121       210       640    0.7828    0.7288    0.7854    0.5346   0.06658   0.01447  0.006956
   279/299     11.9G   0.06051   0.02273  0.007793   0.09103       189       640    0.7796    0.7315    0.7855    0.5347   0.06657   0.01447  0.006955
   280/299     11.9G   0.06061   0.02275  0.007854   0.09121       174       640    0.7781    0.7331    0.7856    0.5343   0.06657   0.01448  0.006958
   281/299     11.9G   0.06063   0.02275  0.007692   0.09107       152       640    0.7749    0.7353    0.7855    0.5342   0.06656   0.01448  0.006962
   282/299     11.9G   0.06014   0.02236  0.007614   0.09011       198       640    0.7744    0.7363    0.7855    0.5343   0.06656   0.01448  0.006962
   283/299     11.9G   0.06038   0.02263  0.007653   0.09066       179       640    0.7725    0.7376    0.7855    0.5344   0.06656   0.01448   0.00696
   284/299     11.9G   0.06034    0.0226  0.007722   0.09066       179       640    0.7697    0.7398    0.7858    0.5345   0.06656   0.01448  0.006954
   285/299     11.9G   0.06025   0.02271   0.00765   0.09061       200       640    0.7894    0.7229    0.7857    0.5347   0.06656   0.01449  0.006957
   286/299     11.9G   0.06018   0.02267   0.00771   0.09057       213       640    0.7902    0.7222    0.7856    0.5345   0.06656   0.01449  0.006958
   287/299     11.9G   0.06003   0.02259  0.007563   0.09018       213       640    0.7664    0.7423    0.7856    0.5348   0.06657   0.01449  0.006959
   288/299     11.9G    0.0601   0.02265  0.007509   0.09026       217       640    0.7666    0.7425    0.7856    0.5346   0.06657   0.01449  0.006958
   289/299     11.9G   0.06009   0.02267  0.007484   0.09024       200       640    0.7682    0.7407    0.7853    0.5348   0.06657   0.01449  0.006958
   290/299     11.9G   0.06036   0.02265  0.007466   0.09048       185       640    0.7924    0.7204    0.7853    0.5345   0.06658    0.0145  0.006961
   291/299     11.9G   0.06004   0.02254  0.007676   0.09025       194       640    0.7829    0.7287    0.7853    0.5345   0.06658    0.0145  0.006962
   292/299     11.9G    0.0598   0.02283  0.007623   0.09025       190       640    0.7922    0.7215    0.7852    0.5346   0.06659    0.0145  0.006963
   293/299     11.9G    0.0602   0.02261  0.007611   0.09042       202       640    0.7875    0.7255    0.7852    0.5346   0.06659    0.0145  0.006965
   294/299     11.9G   0.05963   0.02254  0.007621   0.08979       181       640    0.7936    0.7217    0.7853    0.5347   0.06659   0.01451  0.006968
   295/299     11.9G   0.06005   0.02247  0.007702   0.09023       217       640    0.7923    0.7223    0.7853    0.5349    0.0666   0.01451   0.00697
   296/299     11.9G   0.06021   0.02276  0.007493   0.09047       205       640    0.7913    0.7231    0.7851    0.5345    0.0666   0.01451  0.006972
   297/299     11.9G   0.05994   0.02284  0.007634   0.09041       216       640    0.7891     0.725    0.7851    0.5344    0.0666   0.01451  0.006973
   298/299     11.9G   0.06045   0.02264  0.007604    0.0907       193       640    0.7884    0.7249    0.7851    0.5345   0.06661   0.01452  0.006977
   299/299     11.9G   0.05982   0.02257   0.00744   0.08983       217       640    0.7865    0.7269    0.7853    0.5344    0.0666   0.01452   0.00698
