     0/299     9.13G   0.08996   0.04436   0.06816    0.2025       179       640  0.002127  0.003387 0.0002063 6.193e-05   0.08433   0.02848   0.06059
     1/299     11.9G   0.08254   0.04567   0.06297    0.1912       211       640  0.006736    0.1473  0.002656 0.0006572   0.07635   0.04081   0.05644
     2/299     11.9G   0.06934   0.04596    0.0589    0.1742       206       640    0.1921    0.1048   0.02272  0.005995   0.06434   0.03113   0.05006
     3/299     11.9G   0.06307   0.04422   0.05279    0.1601       181       640    0.2381     0.106   0.03783   0.01066   0.06541   0.04055   0.04969
     4/299     11.9G   0.05926   0.04309   0.04648    0.1488       183       640    0.1904     0.192   0.09723   0.03165   0.05747   0.02766   0.03824
     5/299     11.9G   0.05663   0.04216   0.04197    0.1408       193       640    0.2412    0.2721    0.1601   0.05735    0.0544   0.02935   0.03267
     6/299     11.9G   0.05518   0.04151   0.03867    0.1354       199       640    0.2421    0.3279    0.2119   0.07988   0.05317   0.02607   0.03081
     7/299     11.9G   0.05381   0.04095   0.03674    0.1315       209       640    0.3003    0.3546    0.2581    0.1022   0.05056   0.02665   0.02713
     8/299     11.9G   0.05278   0.04054   0.03455    0.1279       226       640    0.3499    0.3445    0.2882    0.1158   0.04989   0.02459   0.02626
     9/299     11.9G   0.05184   0.03995   0.03289    0.1247       206       640    0.4068    0.3523    0.3252    0.1393   0.04798   0.02444    0.0241
    10/299     11.9G   0.05085   0.03958   0.03151    0.1219       174       640    0.4222    0.3841    0.3535    0.1481   0.04752   0.02421   0.02251
    11/299     11.9G   0.05008   0.03943   0.03026    0.1198       221       640    0.4119    0.3909    0.3497    0.1512   0.04656    0.0241    0.0208
    12/299     11.9G   0.04929    0.0392   0.02918    0.1177       199       640     0.434    0.4249    0.3936    0.1777    0.0459   0.02368   0.02108
    13/299     11.9G   0.04904   0.03897   0.02832    0.1163       176       640    0.4888    0.4396    0.4247    0.1964   0.04492    0.0232   0.01984
    14/299     11.9G   0.04837   0.03877   0.02742    0.1146       205       640    0.4933    0.4589     0.447    0.2083   0.04395   0.02356   0.01726
    15/299     11.9G    0.0477   0.03835   0.02662    0.1127       240       640    0.4944    0.4876    0.4659     0.219   0.04376   0.02327   0.01741
    16/299     11.9G    0.0475   0.03824   0.02637    0.1121       195       640    0.5371    0.4601    0.4741    0.2216   0.04349   0.02344   0.01724
    17/299     11.9G    0.0471   0.03803   0.02534    0.1105       175       640    0.5565    0.5137    0.5164    0.2545   0.04232   0.02233   0.01584
    18/299     11.9G   0.04652   0.03783   0.02495    0.1093       205       640     0.539    0.5307    0.5215    0.2595   0.04194   0.02218   0.01522
    19/299     11.9G   0.04616   0.03772   0.02427    0.1082       178       640    0.5803    0.5271    0.5335    0.2669   0.04157   0.02248   0.01457
    20/299     11.9G   0.04603    0.0376    0.0239    0.1075       217       640    0.5932    0.5276    0.5502    0.2794   0.04089   0.02214   0.01392
    21/299     11.9G   0.04534   0.03733   0.02356    0.1062       196       640    0.5766     0.537     0.548    0.2814   0.04083   0.02191   0.01406
    22/299     11.9G   0.04512   0.03692   0.02339    0.1054       195       640     0.541     0.556     0.543    0.2788   0.04033   0.02259   0.01426
    23/299     11.9G   0.04499   0.03714   0.02233    0.1045       199       640    0.5889    0.5619    0.5751    0.3004   0.03991   0.02176   0.01298
    24/299     11.9G    0.0446   0.03676   0.02233    0.1037       155       640    0.5685     0.573    0.5685    0.2968   0.03957   0.02221   0.01306
    25/299     11.9G   0.04438   0.03667   0.02217    0.1032       195       640    0.6257     0.548     0.582    0.3091   0.03904   0.02181   0.01262
    26/299     11.9G   0.04433   0.03638   0.02147    0.1022       163       640    0.6254    0.5672    0.5994    0.3218   0.03896   0.02136   0.01221
    27/299     11.9G   0.04411   0.03673   0.02114     0.102       175       640    0.6334    0.5873    0.6143    0.3311   0.03858   0.02122   0.01241
    28/299     11.9G   0.04374   0.03619   0.02153    0.1015       254       640    0.6573    0.5753    0.6201    0.3375   0.03844   0.02117   0.01179
    29/299     11.9G   0.04372   0.03622   0.02092    0.1009       158       640    0.6347    0.6045    0.6235    0.3409   0.03809   0.02118   0.01162
    30/299     11.9G   0.04339   0.03644   0.02058    0.1004       219       640    0.6522     0.597    0.6248    0.3437   0.03799    0.0209    0.0113
    31/299     11.9G    0.0431   0.03633   0.02035   0.09979       249       640    0.6562    0.6001    0.6327    0.3504   0.03772   0.02095    0.0112
    32/299     11.9G     0.043   0.03583   0.02048   0.09931       186       640    0.6332    0.6259    0.6477    0.3613   0.03744   0.02075   0.01074
    33/299     11.9G   0.04261   0.03579   0.02027   0.09867       191       640    0.6439    0.6129    0.6404      0.36   0.03736   0.02085   0.01073
    34/299     11.9G    0.0427   0.03577   0.01979   0.09825       230       640    0.6552    0.6208    0.6525    0.3667   0.03702   0.02078   0.01049
    35/299     11.9G   0.04221   0.03558   0.01965   0.09745       180       640    0.6717    0.6221    0.6606    0.3722   0.03681   0.02061   0.01026
    36/299     11.9G   0.04222   0.03552   0.01913   0.09688       210       640    0.6895    0.6167    0.6663    0.3782    0.0366   0.02049   0.01008
    37/299     11.9G   0.04222   0.03534   0.01873   0.09629       169       640    0.6949    0.6219     0.666    0.3793   0.03657   0.02052  0.009945
    38/299     11.9G   0.04179   0.03536   0.01858   0.09574       164       640    0.6907     0.633     0.673    0.3836   0.03649   0.02041  0.009774
    39/299     11.9G   0.04216   0.03533   0.01855   0.09605       197       640    0.6958    0.6299    0.6761    0.3884   0.03628   0.02037  0.009672
    40/299     11.9G   0.04181   0.03512   0.01879   0.09572       190       640    0.6855    0.6474    0.6817    0.3919   0.03609   0.02038  0.009634
    41/299     11.9G   0.04185   0.03505   0.01851   0.09541       195       640    0.6754    0.6498     0.681    0.3936   0.03608   0.02025  0.009519
    42/299     11.9G   0.04156   0.03505   0.01792   0.09453       203       640    0.6936    0.6423    0.6866    0.3979   0.03582    0.0202  0.009361
    43/299     11.9G   0.04129   0.03516   0.01789   0.09434       205       640    0.6816    0.6567    0.6896    0.4039   0.03563   0.02017  0.009229
    44/299     11.9G   0.04127   0.03495   0.01793   0.09416       213       640    0.6981    0.6447    0.6923     0.406   0.03554   0.02007  0.009029
    45/299     11.9G   0.04112   0.03494   0.01766   0.09372       186       640    0.6966    0.6424    0.6924    0.4077   0.03541   0.02012  0.009143
    46/299     11.9G   0.04066   0.03477   0.01767   0.09311       180       640    0.6802    0.6588    0.6917    0.4089   0.03527   0.02007  0.009017
    47/299     11.9G    0.0409   0.03443   0.01751   0.09284       189       640    0.6807    0.6602    0.6937    0.4097   0.03519   0.02004  0.008981
    48/299     11.9G   0.04082   0.03479   0.01707   0.09268       198       640    0.6992    0.6493     0.697    0.4128   0.03509   0.01999  0.008922
    49/299     11.9G   0.04062   0.03472     0.017   0.09235       210       640     0.694    0.6573    0.6996    0.4169   0.03499   0.01995  0.008849
    50/299     11.9G   0.04043   0.03436   0.01695   0.09174       189       640    0.6949    0.6603    0.7038    0.4188   0.03489   0.01993  0.008721
    51/299     11.9G    0.0404   0.03433   0.01695   0.09168       210       640     0.707    0.6539    0.7036    0.4186   0.03482   0.01992   0.00865
    52/299     11.9G   0.04022   0.03463   0.01666    0.0915       183       640    0.7102    0.6534     0.706    0.4206   0.03474   0.01988  0.008573
    53/299     11.9G   0.04016    0.0341   0.01681   0.09107       207       640     0.693    0.6733    0.7071    0.4222    0.0347   0.01985  0.008575
    54/299     11.9G   0.03999   0.03445   0.01642   0.09086       220       640    0.7135    0.6601    0.7089    0.4247   0.03463    0.0198  0.008538
    55/299     11.9G   0.03991   0.03407   0.01638   0.09036       157       640    0.7156    0.6611    0.7118    0.4279   0.03457   0.01978  0.008483
    56/299     11.9G   0.03985   0.03391   0.01618   0.08994       168       640    0.7098     0.665    0.7122    0.4295    0.0345   0.01976  0.008456
    57/299     11.9G    0.0399   0.03453   0.01604   0.09048       182       640    0.7273    0.6549    0.7133    0.4313   0.03445   0.01972  0.008419
    58/299     11.9G   0.03971   0.03404   0.01619   0.08994       191       640    0.7105    0.6689    0.7139    0.4329   0.03439    0.0197  0.008366
    59/299     11.9G   0.03973   0.03411   0.01615   0.08998       222       640    0.7192    0.6621    0.7156    0.4337   0.03436   0.01968  0.008316
    60/299     11.9G   0.03962   0.03397   0.01579   0.08937       191       640    0.7089    0.6714    0.7172    0.4352   0.03432   0.01966  0.008293
    61/299     11.9G   0.03958   0.03368   0.01565    0.0889       217       640    0.7069    0.6743    0.7183    0.4364   0.03426   0.01964  0.008258
    62/299     11.9G   0.03958     0.034   0.01564   0.08922       210       640    0.7054    0.6763    0.7187    0.4374   0.03422   0.01963  0.008226
    63/299     11.9G    0.0393   0.03397   0.01536   0.08863       196       640    0.7083    0.6764      0.72    0.4387   0.03418   0.01962   0.00819
    64/299     11.9G    0.0389   0.03365    0.0152   0.08776       202       640    0.7063    0.6793    0.7212    0.4403   0.03415    0.0196  0.008155
    65/299     11.9G   0.03942   0.03393   0.01553   0.08888       196       640     0.711    0.6767    0.7223    0.4418   0.03412   0.01958  0.008108
    66/299     11.9G   0.03925   0.03382   0.01534    0.0884       219       640    0.7087    0.6814    0.7231    0.4427   0.03408   0.01957  0.008062
    67/299     11.9G    0.0389   0.03342   0.01516   0.08748       235       640    0.7109    0.6818    0.7235    0.4431   0.03405   0.01956  0.008045
    68/299     11.9G   0.03873   0.03358   0.01495   0.08725       203       640    0.7187    0.6778    0.7243    0.4436   0.03404   0.01954  0.008031
    69/299     11.9G   0.03904   0.03337   0.01472   0.08714       186       640    0.7172    0.6804    0.7247     0.445   0.03401   0.01953  0.008021
    70/299     11.9G   0.03866   0.03335   0.01479   0.08679       229       640    0.7125    0.6858    0.7255    0.4453   0.03398   0.01952  0.008003
    71/299     11.9G    0.0386   0.03387   0.01459   0.08706       219       640    0.7254    0.6767    0.7264    0.4463   0.03396    0.0195  0.007988
    72/299     11.9G   0.03864   0.03355   0.01449   0.08667       215       640    0.7154    0.6859    0.7274     0.447   0.03393   0.01948  0.007977
    73/299     11.9G   0.03852   0.03327   0.01458   0.08637       216       640    0.7163    0.6858    0.7276    0.4476    0.0339   0.01947   0.00796
    74/299     11.9G   0.03842   0.03334   0.01437   0.08613       174       640    0.7148    0.6875    0.7284    0.4487   0.03388   0.01945  0.007943
    75/299     11.9G   0.03849   0.03321   0.01485   0.08655       199       640    0.7239    0.6813    0.7297    0.4493   0.03385   0.01944  0.007929
    76/299     11.9G    0.0383   0.03311   0.01416   0.08557       195       640    0.7073    0.6964    0.7303    0.4497   0.03383   0.01942  0.007909
    77/299     11.9G   0.03824   0.03315   0.01415   0.08553       209       640     0.706    0.6988    0.7308    0.4501    0.0338    0.0194  0.007887
    78/299     11.9G   0.03833   0.03305   0.01469   0.08608       192       640    0.7068    0.6973    0.7312    0.4508   0.03377   0.01939  0.007877
    79/299     11.9G   0.03821    0.0332   0.01442   0.08582       202       640    0.7061    0.6981    0.7321    0.4514   0.03375   0.01937  0.007858
    80/299     11.9G   0.03823   0.03322    0.0139   0.08535       212       640    0.6937    0.7107    0.7324    0.4521   0.03373   0.01936  0.007833
    81/299     11.9G   0.03799   0.03294   0.01385   0.08478       196       640    0.7037    0.7019    0.7333    0.4527   0.03371   0.01934  0.007814
    82/299     11.9G   0.03784   0.03293   0.01419   0.08495       208       640    0.7022    0.7055     0.734    0.4528   0.03369   0.01933  0.007794
    83/299     11.9G   0.03795   0.03289   0.01375    0.0846       190       640    0.7036    0.7051    0.7341    0.4531   0.03367   0.01931   0.00778
    84/299     11.9G   0.03786   0.03247   0.01379   0.08412       186       640    0.7033    0.7064    0.7347    0.4539   0.03365    0.0193  0.007765
    85/299     11.9G   0.03743   0.03262   0.01355    0.0836       218       640    0.7023     0.708    0.7352    0.4545   0.03363   0.01929  0.007752
    86/299     11.9G   0.03764   0.03271   0.01396   0.08431       223       640    0.6994    0.7118    0.7362    0.4554   0.03361   0.01927  0.007741
    87/299     11.9G   0.03773   0.03282   0.01378   0.08433       218       640    0.7014    0.7112    0.7367    0.4557   0.03359   0.01926   0.00773
    88/299     11.9G   0.03745   0.03287   0.01339   0.08371       197       640    0.7039    0.7081    0.7371    0.4563   0.03357   0.01925  0.007715
    89/299     11.9G   0.03751   0.03248   0.01328   0.08327       200       640    0.7063    0.7074    0.7381    0.4569   0.03355   0.01924  0.007701
    90/299     11.9G   0.03755   0.03279   0.01348   0.08382       221       640    0.7294    0.6871    0.7386    0.4575   0.03354   0.01922   0.00768
    91/299     11.9G   0.03744   0.03271   0.01357   0.08372       206       640    0.7298    0.6879    0.7389    0.4582   0.03352   0.01921  0.007665
    92/299     11.9G   0.03715   0.03238   0.01336   0.08289       208       640     0.731    0.6879    0.7396    0.4589    0.0335    0.0192  0.007648
    93/299     11.9G   0.03728   0.03241   0.01321   0.08289       173       640    0.7179    0.6996    0.7402    0.4592   0.03348   0.01918  0.007634
    94/299     11.9G   0.03713   0.03243   0.01313   0.08269       183       640    0.7122    0.7054    0.7402    0.4596   0.03346   0.01917   0.00762
    95/299     11.9G   0.03704   0.03192   0.01294    0.0819       214       640    0.7146    0.7045    0.7406    0.4602   0.03344   0.01915  0.007609
    96/299     11.9G   0.03716   0.03262   0.01288   0.08266       221       640    0.7109      0.71     0.741    0.4608   0.03342   0.01914  0.007598
    97/299     11.9G   0.03698     0.032   0.01291   0.08189       179       640    0.7113    0.7121    0.7415    0.4616    0.0334   0.01912  0.007586
    98/299     11.9G   0.03696   0.03229   0.01286    0.0821       213       640    0.7128    0.7133    0.7424    0.4622   0.03338   0.01911  0.007574
    99/299     11.9G   0.03679   0.03228    0.0125   0.08157       171       640    0.7339    0.6942    0.7429    0.4628   0.03336    0.0191  0.007557
   100/299     11.9G   0.03687   0.03247   0.01264   0.08198       215       640    0.7165    0.7128    0.7436    0.4634   0.03335   0.01909  0.007546
   101/299     11.9G   0.03677   0.03225    0.0127   0.08171       192       640    0.7185    0.7119     0.744    0.4643   0.03333   0.01907  0.007537
   102/299     11.9G   0.03676   0.03212   0.01284   0.08172       177       640    0.7314    0.6999    0.7442    0.4649   0.03331   0.01906  0.007528
   103/299     11.9G   0.03647   0.03176   0.01242   0.08064       210       640    0.7265    0.7066    0.7449    0.4654   0.03329   0.01904  0.007517
   104/299     11.9G    0.0366   0.03176   0.01244    0.0808       200       640    0.7262    0.7083    0.7454    0.4659   0.03327   0.01903  0.007511
   105/299     11.9G   0.03628   0.03191   0.01244   0.08063       198       640    0.7296    0.7055    0.7456    0.4665   0.03325   0.01902  0.007504
   106/299     11.9G   0.03643   0.03183   0.01244    0.0807       187       640    0.7314    0.7058    0.7466    0.4667   0.03324     0.019  0.007495
   107/299     11.9G   0.03647   0.03189   0.01244   0.08079       208       640    0.7323    0.7064    0.7472    0.4673   0.03322   0.01899  0.007482
   108/299     11.9G   0.03635   0.03181    0.0124   0.08056       212       640    0.7349    0.7044    0.7473     0.468   0.03321   0.01898  0.007479
   109/299     11.9G   0.03615   0.03151   0.01235   0.08001       217       640    0.7347    0.7053    0.7472    0.4683   0.03319   0.01897  0.007474
   110/299     11.9G   0.03615   0.03165   0.01238   0.08019       176       640    0.7384    0.7029    0.7477    0.4688   0.03318   0.01895  0.007468
   111/299     11.9G   0.03616   0.03168   0.01234   0.08018       204       640    0.7417    0.7016    0.7484    0.4694   0.03316   0.01894  0.007463
   112/299     11.9G   0.03627   0.03168   0.01216   0.08011       175       640    0.7376    0.7051    0.7489    0.4698   0.03314   0.01892  0.007457
   113/299     11.9G   0.03624   0.03137   0.01195   0.07955       171       640    0.7337    0.7089    0.7499    0.4705   0.03313   0.01891  0.007454
   114/299     11.9G   0.03598   0.03128   0.01191   0.07917       239       640    0.7338    0.7092    0.7503    0.4714   0.03312    0.0189  0.007444
   115/299     11.9G   0.03582   0.03123   0.01183   0.07888       181       640     0.734    0.7105     0.751     0.472    0.0331   0.01888  0.007434
   116/299     11.9G   0.03594   0.03142    0.0118   0.07916       218       640    0.7348    0.7115    0.7517    0.4726   0.03309   0.01887  0.007425
   117/299     11.9G   0.03587   0.03131   0.01184   0.07902       189       640    0.7342    0.7121    0.7519    0.4735   0.03308   0.01885  0.007421
   118/299     11.9G   0.03595   0.03111   0.01198   0.07905       204       640    0.7337    0.7141    0.7529    0.4741   0.03307   0.01884  0.007414
   119/299     11.9G   0.03573   0.03135   0.01184   0.07892       202       640    0.7339    0.7142    0.7534    0.4744   0.03306   0.01883  0.007406
   120/299     11.9G   0.03574   0.03143   0.01174   0.07891       218       640    0.7301    0.7175    0.7535     0.475   0.03304   0.01882  0.007394
   121/299     11.9G   0.03586   0.03136   0.01198    0.0792       229       640    0.7379    0.7115     0.754    0.4755   0.03303    0.0188  0.007389
   122/299     11.9G   0.03535    0.0312   0.01169   0.07824       186       640    0.7313    0.7187    0.7548     0.476   0.03301   0.01879  0.007386
   123/299     11.9G    0.0354    0.0307   0.01162   0.07772       186       640    0.7338     0.717    0.7548    0.4765   0.03301   0.01878   0.00738
   124/299     11.9G   0.03544    0.0311   0.01141   0.07795       216       640    0.7348    0.7177    0.7558    0.4773   0.03299   0.01877  0.007373
   125/299     11.9G   0.03547    0.0312   0.01164    0.0783       234       640    0.7341    0.7195    0.7558    0.4776   0.03298   0.01876  0.007367
   126/299     11.9G    0.0352   0.03107   0.01146   0.07774       226       640    0.7348    0.7198    0.7563    0.4782   0.03296   0.01874  0.007363
   127/299     11.9G   0.03533   0.03115   0.01103   0.07751       194       640    0.7289    0.7257    0.7568    0.4786   0.03294   0.01873  0.007353
   128/299     11.9G   0.03513   0.03105   0.01102    0.0772       153       640     0.741    0.7155    0.7574    0.4788   0.03293   0.01872  0.007342
   129/299     11.9G   0.03498    0.0308   0.01123     0.077       229       640    0.7362    0.7217     0.758    0.4794   0.03291   0.01871  0.007329
   130/299     11.9G   0.03509   0.03093   0.01137    0.0774       189       640    0.7392    0.7195    0.7584    0.4798   0.03289    0.0187  0.007315
   131/299     11.9G   0.03497   0.03091   0.01117   0.07705       207       640    0.7366    0.7238    0.7591    0.4807   0.03288   0.01869  0.007306
   132/299     11.9G   0.03502   0.03088   0.01125   0.07716       236       640    0.7437    0.7177    0.7595    0.4813   0.03286   0.01868    0.0073
   133/299     11.9G   0.03469   0.03067   0.01087   0.07623       184       640     0.742    0.7208      0.76    0.4821   0.03284   0.01867  0.007291
   134/299     11.9G   0.03489   0.03075   0.01127   0.07691       193       640    0.7416    0.7219    0.7606    0.4825   0.03283   0.01866  0.007285
   135/299     11.9G   0.03499   0.03095   0.01106     0.077       224       640    0.7429    0.7207    0.7611     0.483   0.03282   0.01865  0.007273
   136/299     11.9G   0.03483   0.03048   0.01099    0.0763       257       640    0.7546    0.7119    0.7616    0.4834    0.0328   0.01864  0.007263
   137/299     11.9G    0.0348    0.0309   0.01099   0.07669       229       640    0.7536     0.715    0.7625    0.4836   0.03279   0.01863  0.007257
   138/299     11.9G   0.03471   0.03054   0.01089   0.07614       223       640    0.7605    0.7105     0.763    0.4846   0.03278   0.01862  0.007248
   139/299     11.9G   0.03474    0.0305   0.01101   0.07625       217       640     0.762     0.711    0.7634    0.4846   0.03277   0.01861  0.007239
   140/299     11.9G   0.03455   0.03053   0.01084   0.07592       170       640     0.765    0.7092    0.7639    0.4853   0.03275    0.0186  0.007234
   141/299     11.9G   0.03447   0.03015   0.01075   0.07537       142       640    0.7644    0.7095    0.7643    0.4864   0.03274    0.0186  0.007226
   142/299     11.9G   0.03441   0.03068   0.01057   0.07565       204       640    0.7619     0.711    0.7645    0.4869   0.03273   0.01859   0.00722
   143/299     11.9G   0.03431   0.03031   0.01045   0.07508       156       640    0.7618    0.7117    0.7651    0.4873   0.03271   0.01858  0.007209
   144/299     11.9G   0.03437    0.0304   0.01055   0.07532       211       640    0.7583    0.7155    0.7656     0.488    0.0327   0.01857  0.007198
   145/299     11.9G   0.03453   0.03045   0.01048   0.07546       182       640    0.7636    0.7123    0.7658    0.4884   0.03269   0.01857  0.007188
   146/299     11.9G   0.03417   0.03019   0.01056   0.07492       200       640    0.7725    0.7049    0.7662    0.4891   0.03268   0.01856  0.007183
   147/299     11.9G   0.03431   0.03037   0.01065   0.07534       205       640    0.7737    0.7049    0.7665    0.4894   0.03267   0.01855  0.007167
   148/299     11.9G   0.03418   0.03019   0.01049   0.07486       222       640    0.7719    0.7071    0.7671      0.49   0.03266   0.01855  0.007156
   149/299     11.9G   0.03405   0.03005   0.01032   0.07443       166       640     0.772    0.7076    0.7675    0.4902   0.03265   0.01854   0.00715
   150/299     11.9G     0.034   0.03008   0.01019   0.07426       187       640    0.7691    0.7094    0.7677     0.491   0.03264   0.01853  0.007147
   151/299     11.9G   0.03395   0.03004   0.01028   0.07428       224       640     0.769      0.71     0.768    0.4916   0.03263   0.01853  0.007144
   152/299     11.9G   0.03422    0.0299   0.01029   0.07441       182       640    0.7686    0.7107    0.7684    0.4919   0.03262   0.01852  0.007138
   153/299     11.9G   0.03383   0.02993   0.01029   0.07405       193       640    0.7683    0.7119    0.7686    0.4924   0.03261   0.01852  0.007137
   154/299     11.9G   0.03382   0.02991  0.009971    0.0737       183       640    0.7617    0.7174    0.7689     0.493    0.0326   0.01852  0.007132
   155/299     11.9G   0.03378   0.02993  0.009901   0.07361       209       640    0.7671    0.7141     0.769    0.4936   0.03258   0.01851  0.007127
   156/299     11.9G   0.03361   0.02953   0.01028   0.07342       261       640    0.7647    0.7171    0.7692    0.4937   0.03258   0.01851  0.007122
   157/299     11.9G    0.0336   0.02981  0.009779   0.07318       215       640    0.7662    0.7156    0.7695    0.4942   0.03256    0.0185  0.007112
   158/299     11.9G   0.03347   0.03006   0.01005   0.07359       209       640    0.7708    0.7125    0.7699    0.4947   0.03255   0.01849  0.007104
   159/299     11.9G   0.03363   0.02983   0.01003    0.0735       183       640    0.7728    0.7108    0.7699    0.4951   0.03254   0.01849  0.007096
   160/299     11.9G   0.03366   0.02971  0.009689   0.07306       210       640    0.7748    0.7105    0.7705    0.4956   0.03253   0.01848  0.007085
   161/299     11.9G   0.03327   0.02977      0.01   0.07304       206       640    0.7751    0.7107    0.7706    0.4958   0.03252   0.01848  0.007077
   162/299     11.9G   0.03368    0.0298  0.009929   0.07341       199       640    0.7639    0.7203    0.7704    0.4959   0.03251   0.01847  0.007071
   163/299     11.9G   0.03324   0.02923  0.009978   0.07246       198       640    0.7747    0.7118    0.7707    0.4963   0.03249   0.01847  0.007067
   164/299     11.9G   0.03338    0.0296   0.00989   0.07287       184       640    0.7689    0.7173    0.7709     0.497   0.03249   0.01846  0.007063
   165/299     11.9G   0.03325   0.02937  0.009916   0.07254       233       640    0.7697     0.718    0.7719    0.4972   0.03248   0.01845  0.007061
   166/299     11.9G   0.03331   0.02959  0.009538   0.07244       198       640    0.7747     0.715    0.7722    0.4973   0.03247   0.01845  0.007058
   167/299     11.9G   0.03313   0.02944  0.009524   0.07209       199       640    0.7716    0.7184    0.7721    0.4974   0.03246   0.01844  0.007059
   168/299     11.9G   0.03302   0.02921  0.009691   0.07192       221       640    0.7714    0.7188    0.7724    0.4983   0.03245   0.01843  0.007058
   169/299     11.9G   0.03292   0.02925  0.009529    0.0717       181       640    0.7712    0.7204    0.7728    0.4989   0.03244   0.01843   0.00706
   170/299     11.9G    0.0331   0.02942   0.00967   0.07219       188       640    0.7719     0.721    0.7732    0.4995   0.03243   0.01842  0.007059
   171/299     11.9G   0.03279   0.02908  0.009394   0.07127       223       640    0.7738    0.7199    0.7737    0.4997   0.03242   0.01842  0.007061
   172/299     11.9G   0.03267   0.02902  0.009541   0.07124       215       640    0.7713    0.7227    0.7738    0.5001   0.03241   0.01841  0.007061
   173/299     11.9G    0.0329   0.02928  0.009537   0.07172       226       640    0.7735    0.7213    0.7743    0.5002    0.0324   0.01841  0.007061
   174/299     11.9G   0.03267   0.02916  0.009107   0.07094       216       640    0.7645    0.7295    0.7748    0.5008    0.0324   0.01841  0.007058
   175/299     11.9G   0.03258   0.02878  0.009619   0.07098       199       640    0.7719    0.7234    0.7747    0.5011   0.03239   0.01841  0.007055
   176/299     11.9G   0.03256   0.02879   0.00919   0.07054       201       640    0.7642    0.7318    0.7751    0.5015   0.03239    0.0184  0.007052
   177/299     11.9G   0.03281   0.02902  0.009457   0.07128       218       640    0.7628    0.7336    0.7752    0.5017   0.03238    0.0184  0.007049
   178/299     11.9G   0.03257   0.02934  0.009342   0.07126       167       640    0.7594    0.7362    0.7755    0.5019   0.03237    0.0184  0.007044
   179/299     11.9G   0.03258   0.02898   0.00938   0.07094       200       640    0.7603    0.7358    0.7755    0.5021   0.03236   0.01839  0.007038
   180/299     11.9G   0.03246   0.02886  0.009385   0.07071       220       640    0.7667    0.7309    0.7761    0.5025   0.03236   0.01839  0.007037
   181/299     11.9G   0.03263   0.02889  0.009075   0.07059       201       640    0.7645    0.7339    0.7767    0.5034   0.03235   0.01839  0.007034
   182/299     11.9G   0.03231    0.0287  0.009045   0.07005       195       640    0.7695    0.7294     0.777    0.5036   0.03234   0.01839   0.00703
   183/299     11.9G   0.03238    0.0288  0.009223    0.0704       172       640    0.7632    0.7358    0.7774    0.5041   0.03233   0.01838  0.007025
   184/299     11.9G   0.03223   0.02882  0.008962      0.07       186       640    0.7633    0.7357    0.7776    0.5043   0.03232   0.01838  0.007023
   185/299     11.9G   0.03214   0.02854  0.008936   0.06961       218       640    0.7645    0.7352    0.7779    0.5048   0.03231   0.01838   0.00702
   186/299     11.9G   0.03203   0.02842  0.009006   0.06946       202       640    0.7682     0.732    0.7781    0.5053    0.0323   0.01838  0.007017
   187/299     11.9G   0.03219   0.02873  0.009047   0.06998       207       640    0.7759    0.7271    0.7782    0.5057   0.03229   0.01837  0.007015
   188/299     11.9G   0.03219   0.02844  0.009074    0.0697       233       640    0.7733    0.7291    0.7781    0.5061   0.03228   0.01837  0.007016
   189/299     11.9G   0.03197   0.02853  0.008929   0.06943       195       640    0.7766     0.726    0.7782    0.5064   0.03228   0.01837  0.007018
   190/299     11.9G   0.03169   0.02832  0.008599   0.06861       233       640    0.7759    0.7272    0.7785    0.5069   0.03227   0.01837  0.007018
   191/299     11.9G    0.0319   0.02855  0.008719   0.06917       177       640    0.7767    0.7269    0.7787    0.5073   0.03227   0.01837  0.007015
   192/299     11.9G   0.03187   0.02823  0.008962   0.06906       201       640    0.7672    0.7345    0.7789    0.5074   0.03226   0.01837  0.007012
   193/299     11.9G   0.03158   0.02838  0.008566   0.06853       220       640    0.7715    0.7301    0.7791    0.5078   0.03225   0.01837   0.00701
   194/299     11.9G   0.03172    0.0285  0.008689   0.06891       188       640    0.7782    0.7253    0.7792     0.508   0.03225   0.01836  0.007004
   195/299     11.9G   0.03166   0.02813  0.008605    0.0684       149       640    0.7773    0.7259    0.7791    0.5081   0.03224   0.01836  0.006999
   196/299     11.9G   0.03171   0.02825  0.008672   0.06863       188       640    0.7867    0.7174     0.779    0.5088   0.03223   0.01836  0.006992
   197/299     11.9G    0.0316   0.02859  0.008773   0.06896       258       640    0.7769    0.7245    0.7792     0.509   0.03223   0.01836  0.006988
   198/299     11.9G    0.0315   0.02815  0.008747   0.06839       262       640    0.7729    0.7287    0.7797    0.5095   0.03222   0.01836  0.006977
   199/299     11.9G   0.03134   0.02811  0.008545     0.068       198       640    0.7751     0.727    0.7797    0.5094   0.03221   0.01836  0.006975
   200/299     11.9G   0.03135   0.02789  0.008476   0.06772       199       640    0.7736    0.7285    0.7799    0.5098   0.03221   0.01837  0.006972
   201/299     11.9G   0.03148   0.02796   0.00848   0.06792       206       640      0.77     0.733    0.7802    0.5102    0.0322   0.01837  0.006971
   202/299     11.9G   0.03119   0.02795  0.008276   0.06741       167       640    0.7871    0.7181    0.7803    0.5103    0.0322   0.01837   0.00697
   203/299     11.9G   0.03137   0.02758  0.008481   0.06743       183       640    0.7756    0.7278    0.7805    0.5103   0.03219   0.01837  0.006969
   204/299     11.9G   0.03122   0.02779  0.008132   0.06714       182       640    0.7748    0.7295    0.7807    0.5109   0.03219   0.01837  0.006966
   205/299     11.9G   0.03097   0.02766  0.008316   0.06695       174       640    0.7814    0.7237     0.781    0.5109   0.03219   0.01837  0.006962
   206/299     11.9G   0.03095   0.02777  0.008194   0.06691       220       640     0.776    0.7286     0.781    0.5111   0.03218   0.01837  0.006961
   207/299     11.9G   0.03104   0.02768   0.00824   0.06696       216       640    0.7724     0.732    0.7811    0.5113   0.03218   0.01838  0.006959
   208/299     11.9G   0.03107   0.02775  0.008194   0.06701       213       640    0.7891    0.7191     0.781    0.5115   0.03218   0.01838  0.006958
   209/299     11.9G   0.03087   0.02765  0.008111   0.06663       210       640    0.7852    0.7226    0.7812    0.5117   0.03218   0.01838  0.006957
   210/299     11.9G   0.03092   0.02758  0.008261   0.06676       219       640    0.7903    0.7193    0.7813    0.5121   0.03218   0.01838  0.006961
   211/299     11.9G   0.03092   0.02772  0.008197   0.06684       174       640    0.7886    0.7203     0.781    0.5118   0.03217   0.01838  0.006962
   212/299     11.9G   0.03074   0.02747  0.008093    0.0663       201       640    0.7888    0.7196    0.7811    0.5122   0.03217   0.01839  0.006961
   213/299     11.9G   0.03066   0.02723  0.008091   0.06599       171       640    0.7904    0.7198    0.7814    0.5124   0.03217   0.01839   0.00696
   214/299     11.9G   0.03064   0.02738   0.00794   0.06595       222       640    0.7893    0.7194    0.7815    0.5129   0.03216   0.01839  0.006961
   215/299     11.9G   0.03055   0.02738  0.008219   0.06614       176       640    0.7783     0.728    0.7815     0.513   0.03216   0.01839   0.00696
   216/299     11.9G   0.03051   0.02747  0.007949   0.06593       170       640    0.7758    0.7304    0.7816    0.5132   0.03216    0.0184  0.006962
   217/299     11.9G   0.03035   0.02722  0.007926   0.06549       217       640    0.7848    0.7219    0.7815    0.5133   0.03216    0.0184  0.006962
   218/299     11.9G   0.03038   0.02721  0.007905    0.0655       184       640    0.7794     0.727    0.7818    0.5135   0.03216    0.0184  0.006958
   219/299     11.9G   0.03047   0.02747  0.008155    0.0661       190       640    0.7779    0.7272    0.7818    0.5137   0.03216   0.01841  0.006958
   220/299     11.9G   0.03026   0.02708  0.007902   0.06524       198       640    0.7925    0.7151    0.7817    0.5136   0.03216   0.01841  0.006959
   221/299     11.9G   0.03044   0.02724  0.007898   0.06558       195       640    0.7907    0.7169    0.7818    0.5138   0.03215   0.01842  0.006957
   222/299     11.9G   0.03032   0.02722  0.007737   0.06527       213       640    0.7947    0.7147    0.7818    0.5141   0.03215   0.01842  0.006956
   223/299     11.9G   0.03028   0.02694  0.007778     0.065       220       640    0.7896    0.7181    0.7818     0.514   0.03215   0.01842  0.006958
   224/299     11.9G   0.03036   0.02698  0.007733   0.06508       197       640    0.7902    0.7183    0.7816     0.514   0.03215   0.01843  0.006961
   225/299     11.9G    0.0303   0.02725  0.007824   0.06537       180       640    0.7915    0.7179    0.7819    0.5146   0.03214   0.01843  0.006956
   226/299     11.9G   0.03013     0.027  0.007673   0.06481       194       640     0.791    0.7181    0.7816     0.515   0.03214   0.01844  0.006956
   227/299     11.9G   0.03006   0.02699  0.007706   0.06476       219       640    0.7927    0.7174    0.7818     0.515   0.03214   0.01844  0.006961
   228/299     11.9G      0.03   0.02695  0.007588   0.06453       220       640    0.7713     0.735     0.782    0.5151   0.03214   0.01845  0.006962
   229/299     11.9G   0.03018   0.02699  0.007559   0.06473       189       640    0.7701    0.7367    0.7821    0.5153   0.03215   0.01845  0.006968
   230/299     11.9G   0.02984   0.02679  0.007719   0.06435       201       640    0.7702    0.7374     0.782    0.5154   0.03215   0.01846  0.006975
   231/299     11.9G   0.02969   0.02667   0.00745   0.06381       233       640      0.77    0.7365    0.7818    0.5155   0.03216   0.01847  0.006979
   232/299     11.9G   0.02973   0.02657  0.007562   0.06386       194       640    0.7816    0.7267    0.7816    0.5156   0.03216   0.01848  0.006981
   233/299     11.9G   0.02979   0.02678  0.007555   0.06412       209       640    0.7822    0.7259    0.7816    0.5159   0.03216   0.01848  0.006982
   234/299     11.9G   0.02966   0.02668  0.007402   0.06374       231       640    0.7794    0.7285    0.7817    0.5162   0.03217   0.01849  0.006986
   235/299     11.9G   0.02957   0.02642  0.007514    0.0635       182       640    0.7778     0.731    0.7818    0.5163   0.03217    0.0185  0.006988
   236/299     11.9G   0.02954   0.02652  0.007511   0.06358       168       640      0.78    0.7292    0.7818    0.5168   0.03217   0.01851   0.00699
   237/299     11.9G    0.0296   0.02661  0.007438   0.06364       214       640    0.7804    0.7286    0.7816    0.5167   0.03217   0.01851  0.006992
   238/299     11.9G   0.02948   0.02663  0.007338   0.06345       204       640    0.7813    0.7279    0.7816    0.5168   0.03217   0.01852  0.006996
   239/299     11.9G   0.02952   0.02651  0.007443   0.06348       179       640    0.7821     0.728    0.7818    0.5167   0.03218   0.01853  0.007003
   240/299     11.9G   0.02926   0.02642  0.007456   0.06314       179       640    0.7881    0.7226    0.7815    0.5165   0.03218   0.01854  0.007005
   241/299     11.9G   0.02931   0.02655  0.007167   0.06303       211       640    0.7888    0.7224    0.7818    0.5166   0.03219   0.01854  0.007009
   242/299     11.9G   0.02926   0.02655  0.007296    0.0631       213       640    0.7784     0.731    0.7815    0.5167    0.0322   0.01855  0.007015
   243/299     11.9G    0.0293   0.02618  0.007249   0.06273       191       640    0.7891    0.7224    0.7815    0.5168    0.0322   0.01856  0.007017
   244/299     11.9G   0.02919   0.02627  0.007169   0.06262       205       640     0.774    0.7349    0.7818    0.5171   0.03221   0.01856  0.007015
   245/299     11.9G   0.02916   0.02627  0.007209   0.06263       214       640    0.7764    0.7328    0.7819    0.5172   0.03221   0.01857  0.007014
   246/299     11.9G   0.02913   0.02604  0.007223    0.0624       186       640    0.7775     0.733    0.7819    0.5171   0.03221   0.01858  0.007016
   247/299     11.9G   0.02904   0.02607  0.007153   0.06226       197       640    0.7764    0.7345    0.7819    0.5176   0.03222   0.01859   0.00702
   248/299     11.9G   0.02932   0.02609  0.007241   0.06265       220       640    0.7758    0.7353    0.7818    0.5178   0.03223   0.01859  0.007024
   249/299     11.9G     0.029   0.02586  0.007052   0.06192       206       640    0.7802    0.7319    0.7819    0.5181   0.03223    0.0186  0.007025
   250/299     11.9G   0.02918   0.02633  0.007469   0.06298       220       640    0.7847    0.7287    0.7818    0.5182   0.03224   0.01861  0.007025
   251/299     11.9G   0.02915   0.02602  0.007216   0.06239       200       640    0.7873    0.7269    0.7821    0.5181   0.03225   0.01861  0.007031
   252/299     11.9G   0.02894   0.02585  0.007141   0.06193       163       640    0.7855    0.7277    0.7818    0.5185   0.03225   0.01862  0.007035
   253/299     11.9G    0.0287   0.02606  0.007163   0.06191       195       640     0.789    0.7251    0.7818     0.519   0.03225   0.01863  0.007043
   254/299     11.9G   0.02888   0.02594  0.007209   0.06203       169       640    0.7883     0.726     0.782    0.5192   0.03226   0.01864   0.00705
   255/299     11.9G   0.02889   0.02583  0.007235   0.06196       213       640    0.7895    0.7242    0.7818    0.5191   0.03226   0.01865  0.007054
   256/299     11.9G   0.02881   0.02613   0.00712   0.06205       179       640    0.7879    0.7249    0.7818     0.519   0.03226   0.01865  0.007056
   257/299     11.9G   0.02877   0.02598  0.006904   0.06166       205       640     0.787    0.7247    0.7819    0.5194   0.03227   0.01866  0.007061
   258/299     11.9G   0.02882   0.02592  0.006979   0.06172       211       640    0.7878    0.7242    0.7818    0.5194   0.03227   0.01867  0.007067
   259/299     11.9G   0.02858   0.02597   0.00677   0.06132       179       640     0.785    0.7258    0.7813     0.519   0.03227   0.01868  0.007074
   260/299     11.9G   0.02864   0.02549   0.00705   0.06118       188       640    0.7975    0.7153    0.7813    0.5188   0.03228   0.01869  0.007082
   261/299     11.9G   0.02853   0.02564  0.006822   0.06099       198       640    0.7948    0.7174    0.7815    0.5191   0.03228    0.0187   0.00709
   262/299     11.9G   0.02862    0.0257  0.006897   0.06121       229       640    0.7933    0.7185    0.7812    0.5189   0.03229   0.01871  0.007094
   263/299     11.9G   0.02844    0.0256  0.006878   0.06092       182       640    0.7912    0.7213    0.7813    0.5189   0.03229   0.01872  0.007097
   264/299     11.9G   0.02851   0.02566  0.006924   0.06109       194       640    0.7916    0.7206    0.7816    0.5193    0.0323   0.01873  0.007108
   265/299     11.9G   0.02842   0.02563  0.006921   0.06097       193       640    0.7927    0.7182    0.7817    0.5194   0.03231   0.01873  0.007117
   266/299     11.9G   0.02835   0.02537  0.006867   0.06059       222       640    0.7911    0.7195    0.7813    0.5196   0.03231   0.01874  0.007124
   267/299     11.9G   0.02824   0.02564   0.00679   0.06067       223       640    0.7847    0.7252    0.7813    0.5198   0.03231   0.01875  0.007132
   268/299     11.9G   0.02835   0.02559  0.006942   0.06088       193       640    0.7836    0.7254    0.7809      0.52   0.03231   0.01876  0.007137
   269/299     11.9G   0.02816   0.02545  0.006775   0.06039       195       640    0.7913    0.7188    0.7814    0.5202   0.03232   0.01877  0.007143
   270/299     11.9G   0.02825   0.02539  0.006766   0.06041       245       640    0.7829    0.7263    0.7811    0.5206   0.03232   0.01877  0.007148
   271/299     11.9G    0.0283   0.02534   0.00682   0.06046       190       640    0.7826    0.7264    0.7809    0.5208   0.03233   0.01878  0.007151
   272/299     11.9G   0.02822   0.02525  0.006604   0.06007       187       640    0.7833    0.7255    0.7802    0.5208   0.03234   0.01879  0.007158
   273/299     11.9G   0.02804   0.02516  0.006744   0.05995       187       640    0.7843    0.7244    0.7808    0.5209   0.03234    0.0188  0.007161
   274/299     11.9G   0.02825   0.02539   0.00672   0.06036       244       640    0.7872    0.7224    0.7808     0.521   0.03235   0.01881  0.007165
   275/299     11.9G   0.02805   0.02544  0.006629   0.06012       182       640    0.7846    0.7246    0.7804    0.5207   0.03235   0.01881  0.007168
   276/299     11.9G    0.0281   0.02525  0.006778   0.06013       219       640    0.7857    0.7224    0.7802    0.5206   0.03235   0.01883   0.00717
   277/299     11.9G   0.02809   0.02521   0.00684   0.06014       189       640    0.7753    0.7308    0.7802    0.5204   0.03236   0.01884  0.007177
   278/299     11.9G   0.02815   0.02535  0.006707   0.06021       210       640    0.7723    0.7332    0.7801    0.5205   0.03236   0.01884  0.007181
   279/299     11.9G   0.02806   0.02523  0.006798   0.06008       189       640    0.7953     0.715    0.7802    0.5208   0.03237   0.01885  0.007188
   280/299     11.9G     0.028   0.02527  0.006755   0.06002       174       640    0.7946    0.7145    0.7801    0.5208   0.03237   0.01886  0.007199
   281/299     11.9G   0.02802   0.02525  0.006705   0.05998       152       640     0.786    0.7219      0.78    0.5208   0.03237   0.01888  0.007203
   282/299     11.9G   0.02786   0.02482  0.006644   0.05933       198       640     0.786    0.7209    0.7799    0.5207   0.03238   0.01889  0.007207
   283/299     11.9G   0.02796   0.02511  0.006749   0.05982       179       640    0.7927    0.7157    0.7797    0.5208   0.03239    0.0189  0.007208
   284/299     11.9G   0.02801   0.02503  0.006717   0.05976       179       640    0.7922    0.7177    0.7799     0.521   0.03239   0.01891  0.007207
   285/299     11.9G   0.02783   0.02515  0.006628    0.0596       200       640    0.7904    0.7196    0.7798    0.5211    0.0324   0.01892  0.007212
   286/299     11.9G   0.02795   0.02528  0.006817   0.06004       213       640     0.792    0.7178    0.7795     0.521    0.0324   0.01892  0.007214
   287/299     11.9G   0.02783   0.02504  0.006499   0.05937       213       640    0.7953    0.7163    0.7799    0.5213    0.0324   0.01893  0.007219
   288/299     11.9G   0.02777   0.02505  0.006572   0.05938       217       640    0.7954    0.7163    0.7796    0.5209   0.03241   0.01894  0.007222
   289/299     11.9G   0.02781   0.02497  0.006443   0.05922       200       640    0.7892    0.7214    0.7798    0.5208   0.03242   0.01895  0.007225
   290/299     11.9G   0.02793   0.02502  0.006441    0.0594       185       640      0.79    0.7204    0.7795    0.5209   0.03242   0.01895  0.007233
   291/299     11.9G   0.02773   0.02495   0.00675   0.05943       194       640    0.7989    0.7133    0.7792    0.5207   0.03242   0.01896  0.007237
   292/299     11.9G   0.02764   0.02521  0.006677   0.05953       190       640    0.8022    0.7104    0.7792    0.5205   0.03242   0.01896  0.007241
   293/299     11.9G   0.02781   0.02505  0.006572   0.05943       202       640    0.7986    0.7137    0.7793    0.5203   0.03243   0.01897  0.007246
   294/299     11.9G   0.02749   0.02489  0.006662   0.05905       181       640    0.7783    0.7299    0.7794    0.5203   0.03243   0.01898  0.007257
   295/299     11.9G   0.02778   0.02485  0.006644   0.05928       217       640       0.8    0.7123    0.7796    0.5205   0.03244   0.01899  0.007264
   296/299     11.9G   0.02786   0.02516  0.006569   0.05958       205       640    0.7794    0.7293    0.7795    0.5204   0.03245     0.019  0.007274
   297/299     11.9G   0.02772   0.02524  0.006649   0.05961       216       640    0.7801    0.7283    0.7793    0.5205   0.03246   0.01901  0.007282
   298/299     11.9G   0.02795   0.02505  0.006747   0.05975       193       640    0.7825    0.7269    0.7794    0.5203   0.03246   0.01902  0.007286
   299/299     11.9G   0.02771   0.02497  0.006508   0.05919       217       640    0.7809     0.728     0.779    0.5204   0.03247   0.01902   0.00729
