     0/299     9.13G    0.1336   0.01557   0.06812    0.2173       179       640  0.004317  0.001966 0.0001619 2.735e-05      0.13  0.009567   0.06109
     1/299     11.9G    0.1306   0.01619    0.0634    0.2101       211       640    0.5012  0.004538 0.0005692 0.0001002    0.1278   0.01128   0.05809
     2/299     11.9G    0.1218   0.02137   0.06009    0.2032       206       640    0.2765   0.05344   0.01123  0.002427    0.1189    0.0137   0.05294
     3/299     11.9G    0.1134   0.02391    0.0555    0.1928       181       640    0.1947    0.1089    0.0317  0.008591    0.1158    0.0137   0.04875
     4/299     11.9G    0.1081   0.02478   0.04921    0.1821       183       640    0.1441    0.1801   0.07592   0.02544    0.1075    0.0159   0.04228
     5/299     11.9G    0.1045   0.02521   0.04492    0.1746       193       640    0.2689     0.205    0.1254   0.04768    0.1037   0.01521   0.03679
     6/299     11.9G    0.1023   0.02543   0.04157    0.1693       199       640     0.216      0.27    0.1676    0.0652    0.1004   0.01569   0.03256
     7/299     11.9G    0.1004   0.02562   0.03955    0.1655       209       640    0.2635    0.3505    0.2277   0.09488   0.09713   0.01587   0.02842
     8/299     11.9G   0.09902   0.02568   0.03764    0.1623       226       640    0.3169    0.3553    0.2637     0.114   0.09506   0.01555   0.02836
     9/299     11.9G   0.09752   0.02571   0.03578     0.159       206       640    0.3476    0.3058     0.236    0.1033    0.0946   0.01597   0.02869
    10/299     11.9G   0.09623   0.02579   0.03428    0.1563       174       640    0.3617    0.3475    0.2879    0.1299   0.09301   0.01568   0.02475
    11/299     11.9G   0.09508   0.02599    0.0332    0.1543       221       640    0.3888    0.3498    0.3188     0.144   0.09247   0.01569   0.02367
    12/299     11.9G   0.09405   0.02603    0.0317    0.1518       199       640    0.4211    0.3791    0.3473    0.1654   0.09042   0.01571   0.02384
    13/299     11.9G   0.09348   0.02601   0.03093    0.1504       176       640    0.4312    0.4123    0.3733    0.1773   0.08943   0.01564   0.02156
    14/299     11.9G    0.0926   0.02613   0.02962    0.1483       205       640    0.4464    0.4394    0.4032    0.1984   0.08767   0.01597   0.01944
    15/299     11.9G   0.09153   0.02613   0.02895    0.1466       240       640     0.432    0.4605    0.4072    0.1996   0.08783    0.0156   0.01952
    16/299     11.9G   0.09113   0.02612   0.02864    0.1459       195       640    0.4768    0.4473    0.4287    0.2145   0.08621   0.01576   0.01977
    17/299     11.9G   0.09063   0.02613   0.02757    0.1443       175       640    0.5249    0.4526    0.4567    0.2333   0.08479   0.01572   0.01826
    18/299     11.9G   0.08984   0.02615   0.02703     0.143       205       640    0.5322    0.4873    0.4787    0.2446   0.08424   0.01577   0.01697
    19/299     11.9G   0.08932   0.02616   0.02653     0.142       178       640    0.4999    0.5171     0.486    0.2508   0.08383   0.01574   0.01664
    20/299     11.9G   0.08914   0.02614   0.02589    0.1412       217       640    0.5481    0.4861    0.4909    0.2532   0.08309   0.01574   0.01592
    21/299     11.9G   0.08822   0.02612    0.0254    0.1397       196       640    0.5349    0.5323    0.5238    0.2764   0.08219   0.01581   0.01502
    22/299     11.9G   0.08787   0.02594   0.02532    0.1391       195       640    0.5364    0.5334    0.5208    0.2793   0.08179   0.01589   0.01558
    23/299     11.9G   0.08759    0.0262   0.02448    0.1383       199       640    0.5842    0.5306     0.545    0.2954   0.08124   0.01562   0.01412
    24/299     11.9G    0.0871   0.02601   0.02435    0.1375       155       640    0.5786    0.5371    0.5441    0.2959   0.08077   0.01574   0.01467
    25/299     11.9G   0.08665   0.02605   0.02433     0.137       195       640    0.5556    0.5553    0.5491    0.3034    0.0803   0.01558   0.01419
    26/299     11.9G   0.08646   0.02593   0.02348    0.1359       163       640     0.583    0.5677    0.5728    0.3166   0.07966   0.01558   0.01375
    27/299     11.9G   0.08621   0.02619   0.02307    0.1355       175       640    0.6248    0.5438    0.5743    0.3183   0.07889   0.01553   0.01393
    28/299     11.9G   0.08563   0.02593   0.02345     0.135       254       640    0.6163    0.5633    0.5854    0.3282   0.07857   0.01562   0.01281
    29/299     11.9G   0.08568   0.02601   0.02305    0.1347       158       640    0.5926    0.5856    0.5871    0.3296   0.07846   0.01558   0.01307
    30/299     11.9G   0.08514   0.02619   0.02224    0.1336       219       640    0.6213    0.5837    0.6034    0.3417   0.07799   0.01552    0.0122
    31/299     11.9G   0.08465   0.02625   0.02187    0.1328       249       640    0.6488    0.5639    0.6095    0.3481   0.07746   0.01552   0.01224
    32/299     11.9G   0.08444   0.02585   0.02182    0.1321       186       640    0.6356    0.5897    0.6195    0.3554   0.07684   0.01549    0.0119
    33/299     11.9G    0.0842   0.02597    0.0224    0.1326       191       640    0.6675    0.5709    0.6221    0.3567   0.07676   0.01545   0.01214
    34/299     11.9G    0.0839   0.02596   0.02159    0.1315       230       640    0.6486    0.5892    0.6251     0.363   0.07637   0.01542   0.01166
    35/299     11.9G   0.08349    0.0259    0.0211    0.1305       180       640    0.6609    0.5877    0.6337    0.3713   0.07584    0.0154   0.01146
    36/299     11.9G   0.08344   0.02595   0.02095    0.1303       210       640    0.6197    0.6271    0.6351    0.3722   0.07569   0.01549   0.01146
    37/299     11.9G   0.08323   0.02584   0.02045    0.1295       169       640    0.6612    0.6065     0.645    0.3793   0.07543   0.01536   0.01108
    38/299     11.9G   0.08291   0.02595   0.02041    0.1293       164       640    0.6376    0.6264    0.6483    0.3836    0.0751   0.01528   0.01098
    39/299     11.9G   0.08301   0.02585    0.0203    0.1292       197       640    0.6613    0.6194    0.6534    0.3885   0.07478   0.01531   0.01076
    40/299     11.9G   0.08292   0.02577   0.02053    0.1292       190       640    0.6492     0.637    0.6603    0.3949   0.07465   0.01531   0.01059
    41/299     11.9G   0.08269   0.02578   0.02034    0.1288       195       640    0.6909    0.6093    0.6633    0.3957   0.07454    0.0153   0.01046
    42/299     11.9G   0.08231   0.02586   0.01968    0.1279       203       640    0.6648     0.631    0.6632    0.3969   0.07442   0.01526   0.01045
    43/299     11.9G   0.08202   0.02599   0.01954    0.1276       205       640    0.6724    0.6289    0.6671    0.4003   0.07396   0.01533   0.01037
    44/299     11.9G   0.08176    0.0259   0.01949    0.1272       213       640    0.6963    0.6182    0.6696     0.402   0.07378    0.0153   0.01029
    45/299     11.9G   0.08155    0.0259   0.01929    0.1267       186       640     0.676    0.6393    0.6723    0.4057   0.07354    0.0153   0.01015
    46/299     11.9G   0.08115    0.0258   0.01934    0.1263       180       640    0.6886    0.6321    0.6735     0.408   0.07339   0.01529    0.0101
    47/299     11.9G    0.0815    0.0256   0.01935    0.1264       189       640    0.6658    0.6449    0.6727    0.4079   0.07318   0.01529   0.01012
    48/299     11.9G   0.08117   0.02592   0.01874    0.1258       198       640    0.6974    0.6265    0.6775    0.4124   0.07298   0.01524  0.009985
    49/299     11.9G   0.08077   0.02588   0.01849    0.1251       210       640    0.6818    0.6447    0.6803    0.4151   0.07277   0.01525  0.009902
    50/299     11.9G   0.08066   0.02568   0.01874    0.1251       189       640    0.7049    0.6306    0.6837    0.4173   0.07264   0.01526  0.009737
    51/299     11.9G   0.08068   0.02566   0.01863     0.125       210       640    0.7038    0.6378    0.6878    0.4215    0.0725   0.01523   0.00964
    52/299     11.9G   0.08031   0.02598    0.0183    0.1246       183       640    0.6869    0.6549    0.6906    0.4239   0.07234   0.01523  0.009594
    53/299     11.9G   0.08026   0.02557   0.01845    0.1243       207       640    0.6949     0.649    0.6912    0.4265   0.07224   0.01523  0.009536
    54/299     11.9G   0.07995   0.02595   0.01825    0.1242       220       640    0.6954    0.6496    0.6922    0.4272   0.07216   0.01522  0.009542
    55/299     11.9G   0.07996   0.02559    0.0179    0.1235       157       640     0.713    0.6412     0.694    0.4294   0.07204    0.0152  0.009482
    56/299     11.9G   0.07985   0.02551    0.0181    0.1235       168       640    0.6995    0.6515    0.6951    0.4313   0.07193    0.0152  0.009375
    57/299     11.9G   0.07963   0.02601   0.01757    0.1232       182       640    0.7006    0.6534    0.6964    0.4327   0.07184    0.0152  0.009322
    58/299     11.9G   0.07952    0.0256   0.01759    0.1227       191       640    0.6982    0.6569    0.6983     0.434   0.07177    0.0152  0.009261
    59/299     11.9G   0.07945   0.02562   0.01761    0.1227       222       640    0.6911    0.6637    0.6991    0.4353   0.07169   0.01519  0.009213
    60/299     11.9G   0.07936   0.02562   0.01728    0.1223       191       640    0.7043     0.657    0.7001    0.4369    0.0716   0.01519  0.009194
    61/299     11.9G   0.07937   0.02548    0.0175    0.1224       217       640     0.713    0.6517    0.7009    0.4383    0.0715   0.01519  0.009167
    62/299     11.9G   0.07931   0.02571   0.01735    0.1224       210       640    0.7191    0.6519    0.7021    0.4402   0.07143   0.01518  0.009143
    63/299     11.9G   0.07891   0.02579   0.01707    0.1218       196       640     0.727    0.6464    0.7035    0.4411   0.07137   0.01518  0.009129
    64/299     11.9G   0.07841   0.02562    0.0169    0.1209       202       640     0.728    0.6462    0.7044    0.4423   0.07131   0.01518  0.009102
    65/299     11.9G   0.07905   0.02567   0.01715    0.1219       196       640    0.7252    0.6492    0.7057    0.4438   0.07125   0.01518  0.009068
    66/299     11.9G   0.07871   0.02567   0.01681    0.1212       219       640    0.7095    0.6631    0.7068    0.4446    0.0712   0.01517  0.009041
    67/299     11.9G   0.07831   0.02549   0.01674    0.1206       235       640     0.716    0.6593    0.7072    0.4453   0.07114   0.01517  0.009023
    68/299     11.9G   0.07823   0.02569   0.01667    0.1206       203       640    0.7294    0.6504    0.7082    0.4466   0.07108   0.01517  0.008993
    69/299     11.9G    0.0785   0.02554   0.01677    0.1208       186       640    0.7291    0.6512    0.7089    0.4476   0.07103   0.01516   0.00897
    70/299     11.9G   0.07791   0.02554   0.01643    0.1199       229       640    0.7267    0.6555    0.7099    0.4481   0.07097   0.01516  0.008952
    71/299     11.9G   0.07795   0.02588   0.01622    0.1201       219       640    0.7204    0.6608     0.711    0.4487   0.07091   0.01515  0.008928
    72/299     11.9G   0.07784   0.02568   0.01592    0.1194       215       640    0.7235    0.6594    0.7118    0.4498   0.07085   0.01514  0.008911
    73/299     11.9G   0.07779   0.02556   0.01628    0.1196       216       640    0.7217    0.6619    0.7127    0.4508    0.0708   0.01513  0.008891
    74/299     11.9G   0.07761   0.02564   0.01614    0.1194       174       640    0.7158    0.6663    0.7134    0.4518   0.07074   0.01512  0.008872
    75/299     11.9G   0.07765   0.02551   0.01648    0.1196       199       640    0.7161    0.6656    0.7141    0.4526   0.07069   0.01512  0.008857
    76/299     11.9G   0.07744   0.02549   0.01582    0.1188       195       640    0.7077    0.6737    0.7147    0.4532   0.07064   0.01512  0.008847
    77/299     11.9G    0.0772   0.02554    0.0159    0.1186       209       640     0.704    0.6778    0.7154    0.4534   0.07059   0.01511  0.008833
    78/299     11.9G   0.07743   0.02536   0.01587    0.1187       192       640    0.7136    0.6709    0.7158     0.454   0.07055    0.0151  0.008814
    79/299     11.9G    0.0772   0.02557   0.01586    0.1186       202       640    0.7149    0.6712    0.7163    0.4548    0.0705    0.0151  0.008798
    80/299     11.9G   0.07723   0.02568   0.01565    0.1186       212       640    0.7124    0.6734    0.7171    0.4552   0.07045   0.01509  0.008777
    81/299     11.9G   0.07684   0.02549   0.01523    0.1176       196       640    0.7183    0.6697    0.7178    0.4557   0.07041   0.01508  0.008762
    82/299     11.9G   0.07672    0.0254   0.01554    0.1177       208       640    0.7211    0.6681    0.7178    0.4562   0.07037   0.01508  0.008742
    83/299     11.9G   0.07703    0.0254   0.01568    0.1181       190       640    0.7179    0.6725    0.7185    0.4568   0.07033   0.01507  0.008725
    84/299     11.9G   0.07672   0.02516   0.01554    0.1174       186       640    0.7151    0.6753    0.7191    0.4579   0.07028   0.01506  0.008708
    85/299     11.9G   0.07618   0.02543   0.01549    0.1171       218       640    0.7213    0.6703    0.7192    0.4588   0.07024   0.01506  0.008688
    86/299     11.9G   0.07639   0.02536   0.01535    0.1171       223       640    0.7258     0.667    0.7198    0.4594    0.0702   0.01505   0.00867
    87/299     11.9G   0.07641   0.02541   0.01493    0.1168       218       640    0.7253    0.6684    0.7202    0.4601   0.07014   0.01505  0.008648
    88/299     11.9G   0.07622   0.02554   0.01497    0.1167       197       640    0.7253    0.6696    0.7209    0.4603    0.0701   0.01504  0.008629
    89/299     11.9G   0.07613   0.02529   0.01498    0.1164       200       640    0.7285    0.6668    0.7211    0.4611   0.07005   0.01504   0.00861
    90/299     11.9G    0.0763   0.02548    0.0149    0.1167       221       640    0.7226    0.6709    0.7214    0.4617   0.07001   0.01503   0.00859
    91/299     11.9G     0.076    0.0254   0.01516    0.1166       206       640     0.725    0.6692    0.7219    0.4626   0.06997   0.01502  0.008575
    92/299     11.9G   0.07581    0.0253   0.01513    0.1162       208       640    0.7308    0.6646    0.7224    0.4634   0.06993   0.01502  0.008566
    93/299     11.9G   0.07572    0.0253   0.01464    0.1157       173       640    0.7126    0.6809    0.7229    0.4639   0.06989   0.01501  0.008553
    94/299     11.9G   0.07575   0.02538   0.01474    0.1159       183       640    0.7392    0.6593    0.7232    0.4645   0.06985     0.015  0.008536
    95/299     11.9G   0.07575   0.02508   0.01468    0.1155       214       640    0.7325     0.666    0.7238    0.4654   0.06981     0.015   0.00852
    96/299     11.9G   0.07563    0.0256   0.01442    0.1157       221       640    0.7365    0.6638    0.7241    0.4661   0.06978   0.01499  0.008509
    97/299     11.9G   0.07534   0.02509   0.01455     0.115       179       640    0.7406    0.6612    0.7245    0.4668   0.06975   0.01498  0.008502
    98/299     11.9G   0.07533   0.02537    0.0146    0.1153       213       640     0.722    0.6758    0.7252    0.4673   0.06971   0.01498  0.008486
    99/299     11.9G   0.07524   0.02536   0.01401    0.1146       171       640    0.7335    0.6676     0.726    0.4681   0.06968   0.01497  0.008473
   100/299     11.9G   0.07512   0.02558   0.01424    0.1149       215       640    0.7165    0.6829    0.7265    0.4682   0.06965   0.01496  0.008465
   101/299     11.9G   0.07515   0.02532   0.01414    0.1146       192       640     0.723    0.6787    0.7273    0.4691   0.06962   0.01496  0.008454
   102/299     11.9G   0.07495   0.02532   0.01456    0.1148       177       640    0.7216    0.6813     0.728    0.4696   0.06958   0.01495  0.008445
   103/299     11.9G   0.07475   0.02506   0.01408    0.1139       210       640    0.7205     0.682    0.7277    0.4703   0.06955   0.01494  0.008432
   104/299     11.9G   0.07483   0.02518    0.0141    0.1141       200       640    0.7168    0.6861    0.7287     0.471   0.06951   0.01494  0.008415
   105/299     11.9G   0.07463   0.02524   0.01417     0.114       198       640    0.7334    0.6732    0.7293    0.4716   0.06947   0.01493  0.008402
   106/299     11.9G   0.07451   0.02521   0.01421    0.1139       187       640    0.7389    0.6691      0.73    0.4723   0.06943   0.01493  0.008382
   107/299     11.9G   0.07458   0.02517   0.01389    0.1136       208       640    0.7212    0.6848    0.7303    0.4729   0.06939   0.01492  0.008361
   108/299     11.9G   0.07443   0.02515   0.01394    0.1135       212       640    0.7208    0.6864    0.7312    0.4738   0.06936   0.01492  0.008345
   109/299     11.9G   0.07407   0.02497   0.01374    0.1128       217       640    0.7227    0.6856    0.7319    0.4748   0.06933   0.01491  0.008332
   110/299     11.9G   0.07402   0.02504   0.01374    0.1128       176       640    0.7287    0.6805    0.7324    0.4757   0.06929    0.0149  0.008317
   111/299     11.9G   0.07426   0.02513   0.01385    0.1132       204       640     0.725    0.6846    0.7331    0.4762   0.06926   0.01489  0.008304
   112/299     11.9G   0.07424   0.02506   0.01367     0.113       175       640    0.7215    0.6883    0.7337    0.4769   0.06923   0.01489  0.008285
   113/299     11.9G   0.07429    0.0249   0.01358    0.1128       171       640    0.7211    0.6898    0.7342    0.4773    0.0692   0.01488  0.008265
   114/299     11.9G   0.07397   0.02497   0.01374    0.1127       239       640    0.7189    0.6935    0.7352    0.4778   0.06917   0.01487   0.00825
   115/299     11.9G    0.0736   0.02491   0.01325    0.1118       181       640    0.7474    0.6695    0.7357    0.4784   0.06914   0.01486  0.008231
   116/299     11.9G   0.07377   0.02505    0.0134    0.1122       218       640     0.748    0.6701    0.7358    0.4792   0.06911   0.01486  0.008216
   117/299     11.9G   0.07373   0.02498   0.01349    0.1122       189       640    0.7476    0.6724    0.7366    0.4797   0.06907   0.01485  0.008201
   118/299     11.9G   0.07385   0.02481   0.01358    0.1122       204       640     0.748    0.6722    0.7374    0.4799   0.06904   0.01484  0.008185
   119/299     11.9G   0.07349   0.02505   0.01366    0.1122       202       640     0.726     0.693     0.738    0.4808   0.06901   0.01484  0.008165
   120/299     11.9G   0.07336   0.02508   0.01327    0.1117       218       640    0.7258    0.6936    0.7386    0.4812   0.06898   0.01483  0.008145
   121/299     11.9G   0.07388   0.02502   0.01365    0.1126       229       640    0.7298    0.6922    0.7394    0.4818   0.06895   0.01483  0.008129
   122/299     11.9G   0.07296   0.02498   0.01309     0.111       186       640     0.732    0.6906      0.74    0.4822   0.06892   0.01482  0.008108
   123/299     11.9G   0.07309   0.02464   0.01311    0.1108       186       640    0.7304     0.693    0.7406    0.4825   0.06889   0.01481   0.00809
   124/299     11.9G   0.07307   0.02496    0.0131    0.1111       216       640    0.7287    0.6955     0.741    0.4831   0.06885   0.01481  0.008072
   125/299     11.9G    0.0731   0.02501    0.0131    0.1112       234       640    0.7292    0.6957    0.7415    0.4837   0.06882    0.0148   0.00806
   126/299     11.9G   0.07273   0.02501   0.01314    0.1109       226       640    0.7328    0.6933    0.7422    0.4844   0.06879    0.0148  0.008051
   127/299     11.9G   0.07276   0.02505   0.01275    0.1106       194       640    0.7339    0.6936    0.7427    0.4847   0.06875   0.01479  0.008039
   128/299     11.9G   0.07269   0.02504   0.01264    0.1104       153       640    0.7407    0.6895    0.7432    0.4852   0.06872   0.01479  0.008031
   129/299     11.9G   0.07245   0.02481   0.01273      0.11       229       640    0.7432    0.6903    0.7438     0.486   0.06869   0.01478   0.00802
   130/299     11.9G   0.07227   0.02486   0.01256    0.1097       189       640    0.7469    0.6879    0.7445    0.4862   0.06866   0.01477  0.008009
   131/299     11.9G   0.07216   0.02494   0.01254    0.1096       207       640    0.7461    0.6886     0.745    0.4872   0.06863   0.01477  0.007998
   132/299     11.9G   0.07228   0.02493   0.01278      0.11       236       640    0.7413    0.6941    0.7458    0.4878   0.06859   0.01476  0.007989
   133/299     11.9G   0.07187   0.02486    0.0125    0.1092       184       640    0.7511    0.6865    0.7464    0.4883   0.06856   0.01476   0.00798
   134/299     11.9G   0.07216   0.02486   0.01258    0.1096       193       640    0.7513    0.6879    0.7469    0.4889   0.06852   0.01475  0.007963
   135/299     11.9G   0.07215   0.02498   0.01237    0.1095       224       640    0.7424    0.6942    0.7473    0.4893   0.06849   0.01475  0.007949
   136/299     11.9G   0.07201   0.02461    0.0123    0.1089       257       640    0.7458    0.6931    0.7479    0.4899   0.06846   0.01474  0.007931
   137/299     11.9G    0.0722   0.02509   0.01276      0.11       229       640    0.7477    0.6931    0.7488    0.4905   0.06843   0.01474  0.007918
   138/299     11.9G   0.07162   0.02478   0.01239    0.1088       223       640    0.7495    0.6916     0.749    0.4912    0.0684   0.01473  0.007905
   139/299     11.9G   0.07185   0.02471   0.01235    0.1089       217       640    0.7552     0.688    0.7497     0.492   0.06837   0.01472  0.007892
   140/299     11.9G   0.07162   0.02485   0.01237    0.1088       170       640    0.7592    0.6839    0.7501    0.4925   0.06834   0.01472  0.007881
   141/299     11.9G   0.07152   0.02458   0.01211    0.1082       142       640    0.7569     0.687    0.7509    0.4932    0.0683   0.01471  0.007868
   142/299     11.9G   0.07153   0.02501   0.01205    0.1086       204       640    0.7586    0.6868    0.7517    0.4937   0.06827   0.01471   0.00786
   143/299     11.9G   0.07141   0.02476   0.01219    0.1084       156       640    0.7553    0.6905    0.7521     0.494   0.06825    0.0147  0.007849
   144/299     11.9G    0.0714   0.02482   0.01201    0.1082       211       640    0.7549    0.6912    0.7526    0.4945   0.06823   0.01469  0.007838
   145/299     11.9G   0.07133   0.02484   0.01194    0.1081       182       640    0.7611    0.6855    0.7527    0.4953    0.0682   0.01469  0.007828
   146/299     11.9G   0.07111   0.02463   0.01207    0.1078       200       640    0.7603    0.6859    0.7531    0.4954   0.06817   0.01468  0.007813
   147/299     11.9G   0.07108   0.02475   0.01182    0.1077       205       640    0.7472    0.6974     0.754    0.4957   0.06815   0.01468  0.007796
   148/299     11.9G   0.07097   0.02472    0.0121    0.1078       222       640    0.7466    0.6986    0.7542     0.496   0.06812   0.01468  0.007781
   149/299     11.9G   0.07092   0.02462   0.01178    0.1073       166       640    0.7455       0.7    0.7543    0.4963    0.0681   0.01467  0.007769
   150/299     11.9G   0.07066   0.02461   0.01159    0.1069       187       640    0.7449    0.7016    0.7544     0.497   0.06807   0.01467  0.007756
   151/299     11.9G    0.0707   0.02461   0.01171     0.107       224       640    0.7472    0.7013    0.7549    0.4976   0.06804   0.01466   0.00774
   152/299     11.9G   0.07109   0.02452   0.01169    0.1073       182       640    0.7498    0.6999    0.7554     0.498   0.06801   0.01466  0.007729
   153/299     11.9G   0.07051   0.02464   0.01166    0.1068       193       640     0.747    0.7025    0.7559    0.4985   0.06799   0.01465  0.007711
   154/299     11.9G   0.07049   0.02465   0.01147    0.1066       183       640    0.7486    0.7013     0.756    0.4994   0.06796   0.01465  0.007699
   155/299     11.9G   0.07066   0.02476   0.01159     0.107       209       640    0.7515    0.7004    0.7565    0.5002   0.06793   0.01464  0.007681
   156/299     11.9G   0.07018   0.02438   0.01183    0.1064       261       640    0.7525    0.6991    0.7569    0.5006    0.0679   0.01464  0.007667
   157/299     11.9G   0.07006   0.02457   0.01125    0.1059       215       640    0.7553    0.6962    0.7569    0.5008   0.06787   0.01464  0.007649
   158/299     11.9G   0.07014   0.02486   0.01174    0.1067       209       640    0.7545    0.6982    0.7572    0.5015   0.06784   0.01463  0.007638
   159/299     11.9G   0.06989   0.02474   0.01175    0.1064       183       640    0.7565    0.6983    0.7583    0.5021   0.06781   0.01463  0.007622
   160/299     11.9G   0.07021   0.02463   0.01119     0.106       210       640    0.7575    0.6982    0.7583    0.5028   0.06779   0.01463  0.007614
   161/299     11.9G   0.06972   0.02463   0.01125    0.1056       206       640    0.7669    0.6915    0.7587    0.5031   0.06776   0.01462  0.007603
   162/299     11.9G    0.0698   0.02459   0.01102    0.1054       199       640    0.7575    0.7013    0.7594    0.5038   0.06773   0.01462  0.007588
   163/299     11.9G   0.06965   0.02412    0.0113    0.1051       198       640    0.7614    0.6988    0.7601    0.5043   0.06771   0.01462  0.007577
   164/299     11.9G   0.06963   0.02454   0.01125    0.1054       184       640    0.7588    0.7017    0.7605    0.5047   0.06768   0.01461  0.007568
   165/299     11.9G   0.06936   0.02433   0.01119    0.1049       233       640    0.7619    0.7004    0.7606     0.505   0.06766   0.01461  0.007558
   166/299     11.9G   0.06956   0.02454   0.01093     0.105       198       640    0.7671    0.6979    0.7612    0.5056   0.06763   0.01461   0.00755
   167/299     11.9G   0.06955    0.0245   0.01098     0.105       199       640    0.7643    0.7003    0.7616     0.506   0.06761    0.0146  0.007538
   168/299     11.9G   0.06905   0.02429   0.01091    0.1043       221       640     0.767    0.6988    0.7619    0.5064   0.06758    0.0146  0.007528
   169/299     11.9G   0.06912   0.02437   0.01091    0.1044       181       640    0.7655    0.6992    0.7618    0.5068   0.06756    0.0146   0.00752
   170/299     11.9G   0.06919   0.02455   0.01102    0.1047       188       640    0.7646     0.701    0.7623    0.5074   0.06754   0.01459  0.007509
   171/299     11.9G   0.06912   0.02431   0.01096    0.1044       223       640    0.7639    0.7027    0.7628    0.5078   0.06752   0.01459  0.007496
   172/299     11.9G   0.06883   0.02424   0.01098    0.1041       215       640    0.7659    0.7014    0.7632    0.5086   0.06749   0.01459  0.007479
   173/299     11.9G   0.06902   0.02443   0.01091    0.1044       226       640    0.7678    0.7006    0.7636    0.5089   0.06747   0.01458  0.007464
   174/299     11.9G    0.0687    0.0244   0.01054    0.1036       216       640      0.77     0.699    0.7641    0.5092   0.06745   0.01458  0.007451
   175/299     11.9G   0.06867   0.02411    0.0109    0.1037       199       640    0.7654    0.7025    0.7644      0.51   0.06743   0.01458  0.007437
   176/299     11.9G    0.0684   0.02421   0.01048    0.1031       201       640    0.7739    0.6964    0.7646    0.5102   0.06741   0.01457  0.007417
   177/299     11.9G   0.06857   0.02426   0.01069    0.1035       218       640    0.7758    0.6957    0.7649    0.5104   0.06738   0.01457  0.007403
   178/299     11.9G   0.06846   0.02455   0.01058    0.1036       167       640    0.7756     0.696    0.7655    0.5109   0.06736   0.01457  0.007387
   179/299     11.9G   0.06817   0.02429   0.01036    0.1028       200       640    0.7775    0.6942     0.766    0.5112   0.06734   0.01456  0.007378
   180/299     11.9G   0.06834   0.02424   0.01053    0.1031       220       640      0.77    0.7007     0.766    0.5115   0.06731   0.01456  0.007366
   181/299     11.9G   0.06859   0.02425   0.01054    0.1034       201       640    0.7655    0.7048    0.7665    0.5117    0.0673   0.01456  0.007358
   182/299     11.9G    0.0681   0.02419   0.01027    0.1026       195       640    0.7644    0.7073    0.7674    0.5118   0.06728   0.01455  0.007348
   183/299     11.9G   0.06815   0.02416   0.01044    0.1028       172       640    0.7643     0.707    0.7679    0.5125   0.06726   0.01455   0.00734
   184/299     11.9G   0.06768   0.02436    0.0103    0.1023       186       640    0.7645    0.7073    0.7681    0.5129   0.06724   0.01455  0.007332
   185/299     11.9G   0.06769    0.0241   0.01024     0.102       218       640    0.7665     0.707    0.7685     0.513   0.06722   0.01454   0.00732
   186/299     11.9G   0.06754   0.02403   0.01025    0.1018       202       640    0.7667    0.7068     0.769    0.5132    0.0672   0.01454   0.00731
   187/299     11.9G   0.06788   0.02428   0.01032    0.1025       207       640    0.7656    0.7077    0.7689    0.5133   0.06719   0.01454  0.007299
   188/299     11.9G   0.06758   0.02396   0.01009    0.1016       233       640     0.745    0.7266    0.7691     0.514   0.06718   0.01454  0.007288
   189/299     11.9G   0.06716   0.02413   0.01019    0.1015       195       640     0.757    0.7166    0.7694    0.5142   0.06716   0.01453  0.007276
   190/299     11.9G   0.06703   0.02399  0.009799    0.1008       233       640     0.757    0.7188    0.7698    0.5148   0.06714   0.01453  0.007264
   191/299     11.9G   0.06739   0.02414    0.0101    0.1016       177       640    0.7586    0.7184      0.77    0.5151   0.06712   0.01453  0.007255
   192/299     11.9G   0.06723   0.02389   0.01027    0.1014       201       640      0.76    0.7182    0.7706    0.5156    0.0671   0.01453  0.007248
   193/299     11.9G   0.06689   0.02409  0.009895    0.1009       220       640    0.7583      0.72    0.7709    0.5159   0.06708   0.01453  0.007238
   194/299     11.9G   0.06691   0.02429   0.01013    0.1013       188       640    0.7577    0.7197    0.7711    0.5165   0.06706   0.01452  0.007228
   195/299     11.9G   0.06684   0.02384  0.009808    0.1005       149       640    0.7604    0.7181    0.7713    0.5169   0.06704   0.01452  0.007219
   196/299     11.9G   0.06705   0.02411  0.009974    0.1011       188       640    0.7585    0.7204    0.7714    0.5175   0.06703   0.01452  0.007208
   197/299     11.9G   0.06693   0.02432   0.01001    0.1013       258       640    0.7579     0.722    0.7718    0.5178   0.06702   0.01452  0.007199
   198/299     11.9G   0.06655   0.02398  0.009983    0.1005       262       640     0.762    0.7187    0.7725    0.5186     0.067   0.01451  0.007189
   199/299     11.9G   0.06666   0.02405  0.009664    0.1004       198       640    0.7612    0.7196    0.7728    0.5193   0.06699   0.01451  0.007177
   200/299     11.9G   0.06661   0.02386  0.009844    0.1003       199       640    0.7635    0.7187    0.7729    0.5196   0.06697   0.01451  0.007169
   201/299     11.9G   0.06683   0.02395  0.009906    0.1007       206       640    0.7586    0.7242    0.7731    0.5199   0.06695   0.01451  0.007159
   202/299     11.9G   0.06626   0.02401  0.009529   0.09981       167       640    0.7571    0.7264    0.7735    0.5207   0.06693    0.0145  0.007151
   203/299     11.9G   0.06645   0.02358  0.009857   0.09988       183       640    0.7598    0.7242    0.7738     0.521   0.06691    0.0145  0.007144
   204/299     11.9G   0.06636   0.02387  0.009413   0.09964       182       640    0.7559     0.728    0.7741    0.5214    0.0669    0.0145  0.007138
   205/299     11.9G   0.06593   0.02377  0.009827   0.09953       174       640    0.7635    0.7228    0.7742    0.5219   0.06688    0.0145  0.007131
   206/299     11.9G   0.06584   0.02389   0.00945   0.09918       220       640    0.7552    0.7308    0.7746    0.5223   0.06688    0.0145  0.007132
   207/299     11.9G   0.06601   0.02381  0.009462   0.09929       216       640    0.7579    0.7296    0.7752    0.5227   0.06686   0.01449  0.007126
   208/299     11.9G   0.06588   0.02392  0.009405    0.0992       213       640    0.7548    0.7327    0.7756     0.523   0.06685   0.01449  0.007123
   209/299     11.9G    0.0656   0.02374  0.009334   0.09867       210       640    0.7581    0.7319     0.776     0.523   0.06684   0.01449  0.007122
   210/299     11.9G   0.06567   0.02374  0.009461   0.09887       219       640    0.7577    0.7324    0.7763    0.5234   0.06683   0.01448  0.007116
   211/299     11.9G   0.06552   0.02382  0.009227   0.09857       174       640    0.7572    0.7339    0.7764    0.5237   0.06682   0.01448  0.007109
   212/299     11.9G   0.06558   0.02376   0.00929   0.09862       201       640    0.7561    0.7359     0.777     0.524   0.06681   0.01448  0.007103
   213/299     11.9G   0.06522   0.02358   0.00927   0.09808       171       640    0.7593    0.7337    0.7775    0.5242   0.06681   0.01448  0.007096
   214/299     11.9G   0.06529   0.02371  0.009259   0.09826       222       640    0.7548    0.7388    0.7777    0.5245   0.06679   0.01447  0.007092
   215/299     11.9G   0.06509   0.02361   0.00934   0.09804       176       640    0.7579    0.7369    0.7778    0.5247   0.06678   0.01447  0.007086
   216/299     11.9G    0.0651   0.02384  0.009215   0.09815       170       640    0.7605    0.7349     0.778    0.5249   0.06678   0.01447  0.007084
   217/299     11.9G   0.06483   0.02365  0.009219    0.0977       217       640     0.761    0.7352     0.778    0.5252   0.06677   0.01447   0.00708
   218/299     11.9G   0.06476   0.02359  0.008959   0.09731       184       640    0.7603    0.7367    0.7784    0.5253   0.06676   0.01447  0.007079
   219/299     11.9G   0.06487   0.02376  0.009354   0.09798       190       640    0.7594    0.7372    0.7785    0.5254   0.06675   0.01447  0.007078
   220/299     11.9G   0.06469   0.02354  0.009089   0.09732       198       640    0.7638    0.7342    0.7789    0.5255   0.06674   0.01447  0.007072
   221/299     11.9G   0.06481   0.02358  0.009117   0.09751       195       640    0.7634    0.7346    0.7789    0.5259   0.06673   0.01446  0.007072
   222/299     11.9G   0.06461   0.02363  0.008953   0.09719       213       640    0.7628    0.7343    0.7792    0.5259   0.06671   0.01446   0.00707
   223/299     11.9G   0.06467   0.02349  0.008951   0.09711       220       640    0.7586    0.7373     0.779    0.5264    0.0667   0.01447  0.007065
   224/299     11.9G   0.06491   0.02354  0.009051   0.09749       197       640    0.7595    0.7363    0.7791    0.5269   0.06669   0.01446  0.007065
   225/299     11.9G    0.0646   0.02373  0.008923   0.09725       180       640    0.7623     0.734    0.7792    0.5269   0.06668   0.01446  0.007062
   226/299     11.9G   0.06436   0.02359  0.008869   0.09683       194       640    0.7628     0.734    0.7794    0.5272   0.06668   0.01446   0.00706
   227/299     11.9G   0.06423    0.0236  0.008859   0.09669       219       640    0.7695    0.7282    0.7797    0.5272   0.06668   0.01446  0.007057
   228/299     11.9G   0.06415   0.02351  0.008788   0.09644       220       640    0.7598    0.7373    0.7797    0.5273   0.06668   0.01446  0.007055
   229/299     11.9G   0.06436   0.02361  0.008706   0.09668       189       640    0.7699     0.728    0.7799     0.528   0.06667   0.01446  0.007048
   230/299     11.9G   0.06394   0.02353  0.008835    0.0963       201       640    0.7745    0.7255    0.7805    0.5281   0.06667   0.01446  0.007045
   231/299     11.9G   0.06367   0.02341  0.008622    0.0957       233       640    0.7692     0.729    0.7803    0.5285   0.06667   0.01446  0.007044
   232/299     11.9G   0.06396   0.02334   0.00862   0.09592       194       640    0.7785    0.7224    0.7809    0.5286   0.06666   0.01445   0.00704
   233/299     11.9G   0.06382   0.02347  0.008821   0.09612       209       640    0.7752    0.7255     0.781    0.5288   0.06666   0.01445  0.007036
   234/299     11.9G   0.06365   0.02345  0.008604   0.09571       231       640    0.7816    0.7205    0.7815    0.5292   0.06665   0.01445  0.007028
   235/299     11.9G   0.06356   0.02326  0.008678    0.0955       182       640    0.7671    0.7342    0.7817    0.5293   0.06665   0.01445  0.007025
   236/299     11.9G   0.06346   0.02333  0.008802   0.09559       168       640    0.7689    0.7315    0.7818    0.5297   0.06664   0.01445  0.007021
   237/299     11.9G    0.0636   0.02346  0.008655   0.09572       214       640    0.7709    0.7305    0.7819    0.5298   0.06662   0.01445  0.007015
   238/299     11.9G   0.06321    0.0235  0.008434   0.09514       204       640    0.7747    0.7279    0.7817    0.5302   0.06661   0.01446   0.00701
   239/299     11.9G   0.06352   0.02333  0.008623   0.09547       179       640    0.7735    0.7282    0.7821    0.5303   0.06661   0.01446  0.007008
   240/299     11.9G   0.06284   0.02334  0.008428    0.0946       179       640    0.7724    0.7305    0.7821    0.5307    0.0666   0.01446  0.007002
   241/299     11.9G   0.06292   0.02347  0.008254   0.09465       211       640    0.7722      0.73    0.7822    0.5305   0.06659   0.01446  0.006996
   242/299     11.9G   0.06289   0.02357  0.008481   0.09494       213       640    0.7727    0.7296    0.7823    0.5308   0.06659   0.01446  0.006994
   243/299     11.9G   0.06289   0.02323  0.008342   0.09446       191       640     0.773     0.729    0.7825    0.5309   0.06658   0.01446   0.00699
   244/299     11.9G   0.06286   0.02329  0.008175   0.09432       205       640    0.7767     0.726    0.7828    0.5309   0.06658   0.01446  0.006989
   245/299     11.9G   0.06284   0.02325  0.008444   0.09453       214       640    0.7762    0.7273     0.783    0.5312   0.06657   0.01446  0.006989
   246/299     11.9G   0.06265    0.0231  0.008405   0.09415       186       640    0.7754     0.728    0.7831    0.5312   0.06657   0.01446  0.006988
   247/299     11.9G   0.06261   0.02315   0.00846   0.09422       197       640    0.7727    0.7301    0.7832    0.5312   0.06657   0.01446  0.006988
   248/299     11.9G   0.06286   0.02312  0.008473   0.09445       220       640    0.7748    0.7276    0.7831    0.5314   0.06656   0.01446   0.00699
   249/299     11.9G   0.06241   0.02299   0.00813   0.09353       206       640    0.7765    0.7264    0.7831    0.5318   0.06656   0.01446  0.006994
   250/299     11.9G   0.06263   0.02335  0.008518    0.0945       220       640    0.7762    0.7267    0.7832     0.532   0.06657   0.01446  0.006994
   251/299     11.9G   0.06266   0.02307   0.00824   0.09397       200       640    0.7867    0.7185    0.7831    0.5317   0.06657   0.01446  0.006996
   252/299     11.9G   0.06235   0.02295  0.008329   0.09363       163       640    0.7817    0.7231    0.7834     0.532   0.06657   0.01446  0.006998
   253/299     11.9G   0.06197   0.02321  0.008282   0.09346       195       640    0.7845    0.7212    0.7839    0.5318   0.06656   0.01446  0.006996
   254/299     11.9G   0.06211   0.02298  0.008298   0.09339       169       640    0.7846    0.7208     0.784    0.5321   0.06656   0.01447  0.006996
   255/299     11.9G    0.0623   0.02302  0.008424   0.09374       213       640     0.786      0.72    0.7836    0.5321   0.06656   0.01447  0.006995
   256/299     11.9G   0.06216   0.02321  0.008223   0.09359       179       640    0.7829     0.722    0.7839    0.5321   0.06656   0.01447  0.006994
   257/299     11.9G   0.06201   0.02314   0.00817   0.09332       205       640     0.761    0.7426    0.7842    0.5321   0.06657   0.01447  0.006995
   258/299     11.9G   0.06215    0.0231  0.008121   0.09337       211       640    0.7616     0.742    0.7843    0.5322   0.06657   0.01447  0.006997
   259/299     11.9G   0.06176   0.02329  0.007923   0.09297       179       640     0.761     0.743    0.7841    0.5323   0.06657   0.01447  0.006999
   260/299     11.9G   0.06178   0.02281  0.008193   0.09279       188       640    0.7612    0.7425    0.7838    0.5319   0.06658   0.01447  0.007003
   261/299     11.9G   0.06181   0.02292  0.008022   0.09275       198       640    0.7618    0.7425    0.7839    0.5322   0.06658   0.01447   0.00701
   262/299     11.9G   0.06175   0.02304  0.008124   0.09291       229       640    0.7671    0.7367     0.784    0.5328   0.06658   0.01447  0.007014
   263/299     11.9G   0.06152   0.02297  0.008107    0.0926       182       640    0.7647    0.7392    0.7843     0.533   0.06659   0.01448  0.007019
   264/299     11.9G   0.06145   0.02294  0.007926   0.09231       194       640    0.7596    0.7441    0.7842    0.5335   0.06658   0.01448  0.007024
   265/299     11.9G   0.06146   0.02299  0.007873   0.09232       193       640    0.7646    0.7399    0.7841    0.5334   0.06659   0.01448  0.007033
   266/299     11.9G   0.06129   0.02267  0.007981   0.09195       222       640    0.7645    0.7401     0.784    0.5338   0.06659   0.01448  0.007034
   267/299     11.9G   0.06125   0.02303  0.007861   0.09215       223       640     0.765    0.7388     0.784    0.5338   0.06658   0.01449  0.007036
   268/299     11.9G   0.06128   0.02299  0.008143   0.09241       193       640    0.7634    0.7399     0.784    0.5342   0.06658   0.01449  0.007044
   269/299     11.9G   0.06087   0.02289  0.007957   0.09171       195       640    0.7614    0.7432    0.7842    0.5341   0.06658   0.01449  0.007046
   270/299     11.9G   0.06119   0.02293  0.007958   0.09207       245       640    0.7653    0.7398    0.7843    0.5344   0.06658   0.01449  0.007044
   271/299     11.9G   0.06119   0.02279  0.007958   0.09194       190       640    0.7645    0.7406    0.7842    0.5342   0.06658    0.0145  0.007046
   272/299     11.9G   0.06119   0.02265  0.007768   0.09161       187       640    0.7678    0.7396    0.7844    0.5343   0.06658    0.0145  0.007052
   273/299     11.9G   0.06077   0.02261  0.007786   0.09117       187       640    0.7683    0.7388    0.7844    0.5345   0.06658    0.0145  0.007056
   274/299     11.9G   0.06119    0.0229  0.007772   0.09186       244       640    0.7662    0.7404    0.7845    0.5346   0.06658    0.0145  0.007056
   275/299     11.9G   0.06077   0.02288  0.007589   0.09124       182       640    0.7731    0.7345    0.7847    0.5348   0.06659   0.01451  0.007055
   276/299     11.9G   0.06078    0.0227  0.007808   0.09129       219       640    0.7799    0.7302     0.785     0.535   0.06659   0.01451  0.007061
   277/299     11.9G   0.06077   0.02271  0.007895   0.09137       189       640    0.7812    0.7282    0.7848    0.5352   0.06659   0.01451  0.007065
   278/299     11.9G    0.0609   0.02284  0.007851   0.09159       210       640    0.7788    0.7293    0.7849    0.5353   0.06659   0.01451  0.007072
   279/299     11.9G   0.06065   0.02276  0.007781   0.09119       189       640    0.7802    0.7276    0.7847    0.5355   0.06659   0.01452  0.007078
   280/299     11.9G   0.06084   0.02279  0.007951   0.09158       174       640    0.7774    0.7311    0.7847    0.5355    0.0666   0.01452  0.007085
   281/299     11.9G   0.06076   0.02278  0.007729   0.09127       152       640    0.7788    0.7303    0.7845    0.5354    0.0666   0.01452  0.007091
   282/299     11.9G   0.06044   0.02241  0.007815   0.09066       198       640    0.7784    0.7306    0.7844    0.5355    0.0666   0.01452  0.007093
   283/299     11.9G   0.06035   0.02268  0.007796   0.09082       179       640    0.7743    0.7333    0.7845    0.5357   0.06661   0.01453  0.007097
   284/299     11.9G    0.0605   0.02258  0.007811   0.09089       179       640     0.778    0.7304    0.7842    0.5359   0.06661   0.01453  0.007099
   285/299     11.9G   0.06037   0.02273  0.007642   0.09074       200       640    0.7843    0.7252    0.7843    0.5362   0.06661   0.01453  0.007098
   286/299     11.9G   0.06029   0.02268  0.007754   0.09072       213       640    0.7841    0.7271    0.7841    0.5361   0.06662   0.01453  0.007098
   287/299     11.9G   0.06026   0.02265  0.007626   0.09054       213       640    0.7829    0.7273    0.7837    0.5363   0.06662   0.01453  0.007093
   288/299     11.9G   0.06043    0.0227  0.007671   0.09081       217       640    0.7859    0.7263    0.7842    0.5362   0.06662   0.01454  0.007096
   289/299     11.9G   0.06032   0.02268  0.007549   0.09055       200       640    0.7811    0.7311    0.7845    0.5362   0.06661   0.01454    0.0071
   290/299     11.9G   0.06044   0.02265  0.007495   0.09059       185       640    0.7842    0.7292    0.7841    0.5361   0.06661   0.01454  0.007101
   291/299     11.9G   0.06004   0.02255  0.007733   0.09032       194       640    0.7878    0.7257     0.784    0.5363    0.0666   0.01455  0.007106
   292/299     11.9G      0.06   0.02279  0.007629   0.09042       190       640    0.7784    0.7334    0.7846    0.5362   0.06661   0.01455  0.007107
   293/299     11.9G   0.06028   0.02264  0.007545   0.09047       202       640    0.7802    0.7322    0.7846    0.5368   0.06662   0.01455  0.007119
   294/299     11.9G   0.05975   0.02255  0.007631   0.08993       181       640    0.7801    0.7324    0.7845    0.5369   0.06662   0.01455   0.00713
   295/299     11.9G   0.06022   0.02249  0.007634   0.09034       217       640    0.7829      0.73    0.7847    0.5372   0.06662   0.01455  0.007134
   296/299     11.9G   0.06039   0.02281  0.007553   0.09076       205       640    0.7856    0.7273    0.7847     0.537   0.06663   0.01455  0.007141
   297/299     11.9G      0.06   0.02287  0.007603   0.09048       216       640    0.7681    0.7423    0.7847    0.5371   0.06663   0.01456  0.007149
   298/299     11.9G   0.06036   0.02261  0.007703   0.09067       193       640    0.7763    0.7358    0.7851    0.5368   0.06664   0.01456  0.007153
   299/299     11.9G   0.06001   0.02263  0.007526   0.09016       217       640    0.7753    0.7372    0.7852    0.5369   0.06664   0.01456  0.007156
